19 19 19 19 19 19 19 19 19 19 19 19 19 19 19 19 19 19 19 19 19 19 19 19 19 19 19 19 19 19 19 19 19 19 19 19 19 19 19 19 19 19 19 19 19 19 19 19 19 19 19 19 19 19 19 19 19 19 19 19 19 19 19 19 19 19 19 19 19 19 19 19 19 19 19 19 19 19 19 19 19 19 19 19 19 19 19 19 19 19 19 19 19 19 19 19 19 19 19 19
19 19 19 19 19 19 19 19 19 19 19 19 19 19 19 19 19 19 19 19 19 19 19 19 19 19 19 19 19 19 19 19 19 19 19 19 19 19 19 19 19 19 19 19 19 19 19 19 19 19 19 19 19 19 19 19 19 19 19 19 19 19 19 19 19 19 19 19 19 19 19 19 19 19 19 19 19 19 19 19 19 19 19 19 19 19 19 19 0 0 0 19 19 19 19 19 19 19 19 19
19 19 19 19 19 19 19 19 0 0 0 0 0 0 0 0 0 0 0 19 19 19 19 19 19 19 19 19 19 19 19 19 19 19 19 19 19 19 19 19 19 19 19 19 0 19 19 19 19 19 19 0 0 0 0 0 0 0 0 19 19 19 19 19 19 19 19 19 19 19 19 19 19 19 19 19 19 19 19 19 0 0 0 0 0 0 0 0 0 0 0 19 19 19 19 0 0 0 19 19
19 19 19 19 19 19 0 0 0 0 0 0 0 0 0 0 0 0 0 0 0 0 0 0 0 0 0 0 0 0 0 0 19 19 19 19 19 19 19 19 19 19 19 19 0 0 0 0 0 0 0 0 0 0 0 0 0 0 0 0 19 19 19 19 19 19 19 19 19 19 19 19 19 19 19 19 19 0 0 0 0 0 0 0 0 0 0 0 0 0 0 19 19 19 19 0 0 0 19 19
19 19 19 19 19 19 0 0 0 0 0 0 0 0 0 0 0 0 0 0 0 0 0 0 0 0 0 0 0 0 0 0 0 0 0 19 19 19 19 19 19 19 19 19 0 0 0 0 0 0 0 0 0 0 0 0 0 0 0 0 19 19 19 19 19 19 19 19 19 19 19 0 0 0 0 0 0 0 0 0 0 0 0 0 0 0 0 0 0 0 19 19 19 19 0 0 0 19 19 19
19 19 19 19 19 19 0 0 0 0 0 0 0 0 0 0 0 0 0 0 0 0 0 0 0 0 0 0 0 0 0 0 0 0 0 0 0 0 19 19 19 19 19 0 0 0 0 0 0 0 0 0 0 0 0 0 0 0 0 0 0 0 19 19 19 19 19 0 0 0 0 0 0 0 0 0 0 0 0 0 0 0 0 0 0 0 0 0 0 18 18 19 19 19 0 0 0 19 19 19
19 19 19 19 19 0 0 0 0 0 0 0 0 0 0 0 0 0 0 0 0 0 0 0 0 0 0 0 0 0 0 0 0 0 0 0 0 0 0 0 0 0 0 0 0 0 0 0 0 0 0 0 0 0 0 0 0 0 0 0 0 0 0 0 0 0 0 0 0 0 0 0 0 0 0 0 0 0 0 0 0 0 0 0 0 0 0 0 0 18 19 19 19 0 0 0 0 19 19 19
19 19 19 19 0 0 0 0 0 0 0 0 0 0 0 0 0 0 0 0 0 0 0 0 0 0 0 0 0 0 0 0 0 0 0 0 0 0 0 0 0 0 0 0 0 0 0 0 0 0 0 0 0 0 0 0 0 0 0 0 0 0 0 0 0 0 0 0 0 0 0 0 0 0 0 0 0 0 0 0 0 0 0 0 0 0 0 0 18 18 19 19 0 0 0 0 0 19 19 19
19 19 19 19 0 0 0 0 0 0 0 0 0 0 0 0 0 0 0 0 0 0 0 0 0 0 0 0 0 0 0 0 0 0 0 0 0 0 0 0 0 0 0 0 0 0 0 0 0 0 0 0 0 0 0 0 0 0 0 0 0 0 0 0 0 0 0 0 0 0 0 0 0 0 0 0 0 0 0 0 0 0 0 0 0 0 0 18 18 19 19 19 0 0 0 0 0 0 19 19
19 19 19 19 19 0 0 0 0 0 0 0 0 0 0 0 0 0 0 0 0 0 0 0 0 0 0 0 0 0 0 0 0 0 0 0 0 0 0 0 0 0 0 0 0 0 0 0 0 0 0 0 0 0 0 0 0 0 0 0 0 0 0 0 0 0 0 0 0 0 0 0 0 0 0 0 0 0 0 0 0 0 0 0 0 0 18 18 18 19 19 19 0 0 0 0 0 0 19 19
19 19 19 19 19 0 0 0 0 0 0 0 0 0 0 0 0 0 0 0 0 0 0 0 0 0 0 0 0 0 0 0 0 0 0 0 0 0 0 0 0 0 0 0 0 0 0 0 0 0 0 0 0 0 0 0 0 0 0 0 0 0 0 0 0 0 0 0 0 0 0 0 0 0 0 0 0 0 0 0 0 0 0 0 0 0 18 18 19 19 19 19 0 0 0 0 0 0 19 19
19 19 19 19 19 0 0 0 0 0 0 0 0 0 0 0 0 0 0 0 0 0 0 0 0 0 0 0 0 0 0 0 0 0 0 0 0 0 0 0 0 0 0 0 0 0 0 0 0 0 0 0 0 0 0 0 0 0 0 0 0 0 0 0 0 0 0 0 0 0 0 0 0 0 0 0 0 0 0 0 0 0 0 0 0 18 18 19 18 19 19 0 0 0 0 0 0 0 19 19
19 19 19 19 0 0 0 0 0 0 0 0 0 0 0 0 0 0 0 0 0 0 0 0 0 0 0 0 0 0 0 0 0 0 0 0 0 0 0 0 0 0 0 0 0 0 0 0 0 0 0 0 0 0 0 0 0 0 0 0 0 0 0 0 0 0 0 0 0 0 0 0 0 0 0 0 0 0 0 0 0 0 0 0 0 18 18 18 18 19 19 0 0 0 0 0 0 0 19 19
19 19 19 0 0 0 0 0 0 0 0 0 0 0 0 0 0 0 0 0 0 0 0 0 0 0 0 0 0 0 0 0 0 0 0 0 0 0 0 0 0 0 0 0 0 0 0 0 0 0 0 0 0 0 0 0 0 0 0 0 0 0 0 0 0 0 0 0 0 0 0 0 0 0 0 0 0 0 0 0 0 0 0 0 18 18 18 19 19 19 0 0 0 0 0 0 0 19 19 19
19 19 0 0 0 0 0 0 0 0 0 0 0 0 0 0 0 0 0 0 0 0 0 0 0 0 0 0 0 0 0 0 0 0 0 0 0 0 0 0 0 0 0 92 92 92 92 92 92 92 92 92 92 92 92 92 85 85 85 85 85 85 85 85 85 85 85 85 85 85 85 85 85 85 85 85 85 85 85 0 0 0 0 18 18 18 19 19 19 0 0 0 0 0 0 0 0 19 19 19
19 19 0 0 0 0 0 0 0 0 0 0 0 0 0 0 0 0 0 0 0 0 0 0 0 0 0 0 0 0 0 0 0 0 0 0 0 0 0 0 0 0 0 91 91 91 91 91 91 91 91 91 91 91 91 91 91 91 91 91 91 91 91 91 62 62 62 62 62 62 62 62 62 62 62 85 85 85 85 0 0 0 18 18 18 19 19 19 0 0 0 0 0 0 0 0 18 18 19 19
19 19 0 0 0 0 0 0 0 0 0 0 0 0 0 0 0 0 0 0 0 0 0 0 0 0 0 0 0 0 0 0 0 0 0 0 0 0 0 0 0 0 0 92 92 92 92 92 92 92 92 92 92 92 92 92 85 85 85 85 85 85 85 85 85 85 85 85 85 85 85 85 85 85 85 85 85 85 85 0 0 18 18 18 19 19 0 0 0 0 0 0 0 0 18 18 18 18 19 19
19 19 0 0 0 0 0 0 0 0 0 0 0 0 0 0 0 0 0 0 0 0 0 0 0 0 0 0 0 0 0 0 0 0 0 0 0 0 0 0 0 0 0 0 6 85 61 36 6 0 0 0 0 0 0 0 0 0 0 0 0 0 0 0 0 0 0 0 0 0 0 0 0 0 0 85 85 85 85 0 18 18 18 19 19 0 0 0 0 0 0 0 0 0 18 18 18 19 19 19
19 19 0 0 0 0 0 0 0 0 0 0 0 0 0 0 0 0 0 0 0 0 0 0 0 0 0 0 0 0 0 0 0 0 0 0 0 0 0 0 0 0 0 0 6 85 61 85 6 0 0 0 0 0 0 0 0 0 0 0 0 0 0 0 0 0 0 0 0 0 0 0 0 0 0 85 35 34 85 16 18 18 18 18 18 0 0 0 0 0 0 0 0 0 0 0 0 19 19 19
19 19 0 0 0 0 0 0 0 0 0 0 0 0 0 0 0 0 0 0 0 0 0 0 0 0 0 0 0 0 0 0 0 0 0 0 0 0 0 0 0 0 0 0 6 85 61 85 6 0 0 0 0 0 0 0 0 0 0 0 0 0 0 0 0 0 0 0 0 0 0 0 0 0 0 85 35 34 85 16 18 18 18 18 0 0 0 0 0 0 0 0 0 0 0 0 0 19 19 19
19 19 0 0 0 0 0 0 0 0 0 0 0 0 0 0 0 0 0 0 0 0 0 0 0 0 0 0 0 0 0 0 0 0 0 0 0 0 0 0 0 0 0 0 6 85 61 85 6 0 0 0 0 0 0 0 0 0 0 0 0 0 0 0 0 0 0 0 0 0 0 0 0 0 0 85 35 34 85 18 18 18 18 0 0 0 0 0 0 0 0 0 0 0 0 0 0 0 19 19
19 19 0 0 0 0 0 0 0 0 0 0 0 0 0 0 0 0 0 0 0 0 0 0 0 0 0 0 0 0 0 0 0 0 0 0 0 0 0 0 0 0 0 0 6 85 61 85 6 0 0 0 0 0 0 0 0 0 0 0 0 0 0 0 0 0 0 0 0 0 0 0 0 0 0 85 35 34 85 18 18 18 18 0 0 0 0 0 0 0 0 0 0 0 0 0 0 0 19 19
19 19 0 0 0 0 0 0 0 0 0 0 0 0 0 0 0 0 0 0 0 0 0 0 0 0 0 0 0 0 0 0 0 0 0 0 0 0 0 0 0 0 0 0 6 85 61 85 6 0 0 0 0 0 0 0 0 0 0 0 0 0 0 0 0 0 0 0 0 0 0 0 0 0 0 85 35 34 85 18 0 0 0 0 0 0 0 0 0 0 0 0 0 0 0 0 0 19 19 19
19 19 0 0 0 0 0 0 0 0 0 0 0 0 0 0 0 0 0 0 0 0 0 0 0 0 0 0 0 0 0 0 0 0 0 0 0 0 0 0 0 0 0 0 6 85 61 85 6 0 0 0 0 0 0 0 0 0 0 0 0 0 0 0 0 0 0 0 0 0 0 0 0 0 0 85 35 34 85 18 0 0 0 0 0 0 0 0 0 0 0 0 0 0 0 0 0 19 19 19
19 19 0 0 0 0 0 0 0 0 0 0 0 0 0 0 0 0 0 0 0 0 0 0 0 0 0 0 0 0 0 0 0 0 0 0 0 0 0 0 0 0 0 0 6 85 61 85 6 0 0 0 0 0 0 0 0 0 0 0 0 0 0 0 0 0 0 0 0 0 0 0 0 0 18 85 35 34 85 0 0 0 0 0 0 0 0 0 0 0 0 0 0 0 18 0 0 19 19 19
19 19 0 0 0 0 0 0 0 0 0 0 0 0 0 0 0 0 0 0 0 0 0 0 0 0 0 0 0 0 0 0 0 0 0 0 0 0 0 0 0 0 0 0 6 85 61 85 6 0 0 0 0 0 0 0 0 0 0 0 0 0 0 0 0 0 0 0 0 0 0 0 0 18 18 85 35 34 85 0 0 0 0 0 0 0 0 0 0 0 0 0 0 0 18 18 0 19 19 19
19 19 0 0 0 0 0 0 0 0 0 0 0 0 0 0 0 0 0 0 0 0 0 0 0 0 0 0 0 0 0 0 0 0 0 0 0 0 0 0 0 0 0 0 6 85 61 85 6 0 0 0 0 0 0 0 0 0 0 0 0 0 0 0 0 0 0 0 0 0 0 0 0 18 18 85 35 34 85 0 0 0 0 0 0 0 0 0 0 0 0 0 0 0 18 18 18 18 19 19
19 19 0 0 0 0 0 0 0 0 0 0 0 0 0 0 0 0 0 0 0 0 0 0 0 0 0 0 0 0 0 0 0 0 0 0 0 0 0 0 0 0 0 0 6 85 61 85 6 0 0 0 0 0 0 0 0 0 0 0 0 0 0 0 0 0 0 0 0 0 0 0 18 18 18 85 35 34 85 0 0 0 0 0 0 0 0 0 0 0 0 0 0 0 0 18 18 19 19 19
19 19 0 0 0 0 0 0 0 0 0 0 0 0 0 0 0 0 0 0 0 0 0 0 0 0 0 0 0 0 0 0 0 0 0 0 0 0 0 0 0 0 0 0 6 85 61 85 6 0 0 0 0 0 0 0 0 0 0 0 0 0 0 0 0 0 0 0 0 0 0 0 18 18 18 85 35 34 85 0 0 0 0 0 0 0 0 0 0 0 0 0 0 0 0 18 18 18 19 19
19 19 0 0 0 0 0 0 0 0 0 0 0 0 0 0 0 0 0 0 0 0 0 0 0 0 0 0 0 0 0 0 0 0 0 0 0 0 0 0 0 0 0 0 6 85 61 85 6 0 0 0 0 0 0 0 0 0 0 0 0 0 0 0 0 0 0 0 0 0 0 18 18 18 18 85 35 34 85 0 0 0 0 0 0 0 0 0 0 0 0 0 0 0 0 0 0 19 19 19
19 19 0 0 0 0 0 0 0 0 0 0 0 0 0 0 0 0 0 0 0 0 0 0 0 0 0 0 0 0 0 0 0 0 0 0 0 0 0 0 0 0 0 0 6 85 61 85 6 0 0 0 0 0 0 0 0 0 0 0 0 0 0 0 0 0 0 0 0 0 18 18 18 18 16 85 35 34 85 0 0 0 0 0 0 0 0 0 0 0 0 0 0 0 0 0 0 0 19 19
19 19 0 0 0 0 0 0 0 0 0 0 0 0 0 0 0 0 0 0 0 0 0 0 0 0 0 0 0 0 0 0 0 0 0 0 0 0 0 0 0 0 0 0 6 85 61 85 6 0 0 0 0 0 0 0 0 0 0 0 0 0 0 0 0 0 0 0 0 18 18 18 18 18 0 85 35 34 85 0 0 0 0 0 0 0 0 0 0 0 0 0 0 0 0 0 0 0 0 19
19 19 0 0 0 0 0 0 0 0 0 0 0 0 0 0 0 0 0 0 0 0 0 0 0 0 0 0 0 0 0 0 0 0 0 0 0 0 0 0 0 0 0 0 6 85 61 85 6 0 0 0 0 0 0 0 0 0 0 0 0 0 0 0 0 0 0 0 18 18 18 18 18 18 0 85 85 85 85 6 0 0 0 0 0 0 0 0 0 0 0 0 0 0 0 0 0 0 0 19
19 19 0 0 0 0 0 0 0 0 0 0 0 0 0 0 0 0 0 0 0 0 0 0 0 0 0 0 0 0 0 0 0 0 0 0 0 0 0 0 0 0 0 0 6 85 61 85 6 0 0 0 0 0 0 0 0 0 0 0 0 0 0 0 0 0 0 18 18 18 18 18 18 0 0 85 85 85 85 6 108 110 110 110 110 110 110 110 110 110 110 110 110 110 109 0 0 0 19 19
19 19 0 0 0 0 0 0 0 0 0 0 0 0 0 0 0 0 0 0 0 0 0 0 0 0 0 0 0 0 0 0 0 0 0 0 0 0 0 0 0 0 0 0 6 85 61 85 6 0 0 0 0 0 0 0 0 0 0 0 0 0 0 0 0 0 0 18 18 18 18 18 18 0 0 85 85 85 85 6 137 11 11 351 351 351 351 11 11 351 351 351 11 11 137 0 0 19 19 19
19 19 0 0 0 0 0 0 0 0 0 0 0 0 0 0 0 0 0 0 0 0 0 0 0 0 0 0 0 0 0 0 0 0 0 0 0 0 0 0 0 0 0 0 6 85 61 85 6 0 0 0 0 0 0 0 0 0 0 0 0 0 0 0 0 0 0 18 18 18 18 18 0 0 0 85 85 85 85 6 137 11 11 11 11 11 11 11 11 11 11 11 11 351 137 0 0 19 19 19
19 19 0 0 0 0 0 0 0 0 0 0 0 0 0 0 0 0 0 0 0 0 0 0 0 0 0 0 0 0 0 0 0 0 0 0 0 0 0 0 0 0 0 0 6 85 61 85 6 0 0 0 0 0 0 0 0 0 0 0 0 0 0 0 0 0 18 18 18 18 18 0 0 0 0 85 85 85 85 6 137 351 11 11 11 11 11 11 11 11 11 11 11 351 137 0 0 19 19 19
19 19 0 0 0 0 0 0 0 0 0 0 0 0 0 0 0 0 0 0 0 0 0 0 0 0 0 0 0 0 0 0 0 0 0 0 0 0 0 0 0 0 0 0 6 85 61 85 6 0 0 0 0 0 0 0 0 0 0 0 0 0 0 0 0 18 18 18 18 18 0 0 0 0 0 85 85 85 85 6 137 351 11 11 11 11 11 331 331 11 11 11 11 351 137 0 0 19 19 19
19 19 0 0 0 0 0 0 0 0 0 0 0 0 0 0 0 0 0 0 0 0 0 0 0 0 0 0 0 0 0 0 0 0 0 0 0 0 0 0 0 0 0 0 6 85 61 85 6 0 0 0 0 0 0 0 0 0 0 0 0 0 0 0 0 18 18 18 18 18 0 0 0 0 0 85 85 85 85 6 137 351 11 11 11 11 11 331 331 11 11 11 11 11 137 0 0 0 19 19
19 19 0 0 0 0 0 0 0 0 0 0 0 0 0 0 0 0 0 0 0 0 0 0 0 0 0 0 0 0 0 0 0 0 0 0 0 0 0 0 0 0 0 0 6 85 61 85 6 0 0 0 0 0 0 0 0 0 0 0 0 0 0 0 18 18 18 18 18 0 0 0 0 0 0 85 85 85 85 6 137 11 11 11 11 11 11 331 331 11 11 11 11 11 137 0 0 0 19 19
19 19 0 0 0 0 0 0 0 0 0 0 0 0 0 0 0 0 0 6 85 85 85 6 0 0 0 0 0 0 0 0 0 0 0 0 0 0 0 0 0 0 0 0 6 85 61 85 6 0 0 0 0 0 0 0 0 0 0 0 0 0 0 0 18 18 18 18 0 0 0 0 0 0 0 85 85 85 85 6 137 11 11 11 482 11 312 281 281 280 11 11 11 351 137 0 0 0 19 19
19 19 0 0 0 0 0 0 0 0 0 0 0 0 0 0 0 0 0 6 85 61 85 6 0 0 0 0 0 0 0 0 0 0 0 0 0 0 0 0 0 0 0 0 6 85 61 85 6 0 0 0 0 0 0 0 0 0 0 0 0 0 0 18 18 18 18 18 0 0 0 0 0 0 0 85 85 85 85 6 137 11 11 479 480 481 11 11 11 285 11 11 11 351 137 0 0 19 19 19
19 19 0 0 0 0 0 0 0 0 0 0 0 0 0 0 0 0 0 6 85 61 85 6 0 0 0 0 0 0 0 0 0 0 0 0 0 0 0 0 0 0 0 0 6 85 61 85 6 0 0 0 0 0 0 0 0 0 0 0 0 0 18 18 18 18 18 0 0 0 0 0 0 0 0 85 85 85 85 6 137 11 11 11 11 11 11 11 11 11 11 11 11 351 137 0 0 19 19 19
19 19 0 0 0 0 0 0 0 0 0 0 0 0 0 0 0 0 0 6 85 61 85 6 0 0 0 0 0 0 0 0 0 0 0 0 0 0 0 0 0 0 0 0 6 85 61 85 6 0 0 0 0 0 0 0 0 0 0 0 0 0 18 18 18 18 0 0 0 0 0 0 0 0 0 85 85 85 85 6 137 11 11 11 482 11 11 11 11 11 11 11 11 11 137 0 0 19 19 19
19 19 0 0 0 0 0 0 0 0 0 0 0 0 0 0 0 0 0 6 85 61 85 6 0 0 0 0 0 0 0 0 0 0 0 0 0 0 0 0 0 0 0 0 6 85 61 85 6 0 0 0 0 0 0 0 0 0 0 0 0 18 18 18 18 18 0 0 0 0 0 0 0 0 0 85 85 85 85 6 137 11 11 479 480 481 11 11 11 311 11 11 11 11 137 0 0 19 19 19
19 19 0 0 0 0 0 0 0 0 0 0 0 0 0 0 0 0 0 6 85 61 85 6 0 0 0 0 0 0 0 0 0 0 0 0 0 0 0 0 0 0 0 0 6 85 61 85 6 0 0 0 0 0 0 0 0 0 0 0 0 18 18 18 18 0 0 0 0 0 0 0 0 0 0 85 85 85 85 6 137 11 11 11 11 11 11 11 11 285 351 351 351 11 137 0 0 19 19 19
19 19 0 0 0 0 0 0 0 0 0 0 0 0 0 0 0 0 0 6 85 61 85 6 6 6 6 6 6 6 6 6 6 6 6 6 6 6 6 6 6 6 6 6 6 85 61 85 6 0 0 0 0 0 0 0 0 0 0 0 0 18 18 18 18 0 0 0 0 0 0 0 0 0 0 85 85 85 85 6 135 110 110 110 110 113 11 11 11 141 110 110 110 110 136 0 0 19 19 19
19 19 0 0 0 0 0 0 0 0 0 0 0 0 0 0 0 0 0 6 85 61 85 85 85 85 85 85 85 85 85 85 85 85 85 85 85 85 85 85 85 85 85 85 85 85 61 85 6 0 0 0 0 0 0 0 0 0 0 0 0 18 18 18 0 0 0 0 0 0 0 0 0 0 0 85 85 85 85 6 6 6 6 6 6 6 6 6 6 6 6 6 6 7 7 0 0 19 19 19
19 19 0 0 0 0 0 0 0 0 0 0 0 0 0 0 0 0 0 6 85 85 62 62 62 62 62 62 62 62 62 62 62 62 62 62 62 62 62 62 62 62 62 62 62 62 85 85 6 0 0 0 0 0 0 0 0 0 0 0 18 18 18 18 0 0 0 0 0 0 0 0 0 0 0 85 85 85 85 85 85 85 85 85 85 85 85 85 85 85 85 85 85 85 7 0 0 19 19 19
19 19 0 0 0 0 0 0 0 0 0 0 0 0 0 0 0 0 0 6 85 61 85 85 85 85 85 85 85 85 85 85 85 85 85 85 85 85 85 85 85 85 85 85 85 85 61 85 6 0 0 0 0 0 0 0 0 0 0 0 18 18 18 18 0 0 0 0 0 0 0 0 0 0 0 85 85 85 85 85 85 85 85 85 85 85 85 85 85 85 85 85 85 85 7 0 0 19 19 19
19 19 0 0 0 0 0 0 0 0 0 0 0 0 0 0 0 0 0 6 85 61 85 6 6 6 6 6 6 6 6 6 6 6 6 6 6 6 6 6 6 6 6 6 6 85 61 85 6 0 0 0 0 0 0 0 0 0 0 0 18 18 18 0 0 0 0 0 0 0 0 0 0 0 0 85 85 85 85 85 85 85 85 85 85 85 85 85 85 85 85 85 85 85 7 0 0 0 19 19
19 19 0 0 0 0 0 0 0 0 0 0 0 0 0 0 0 0 0 6 85 61 85 6 0 0 0 0 0 0 0 0 0 0 0 0 0 0 0 0 0 0 0 0 6 85 61 85 6 0 0 0 0 0 0 0 0 0 0 0 18 18 18 0 0 0 0 0 0 0 0 0 0 0 0 85 85 85 85 85 85 85 85 85 85 85 85 85 85 85 85 85 85 85 7 0 0 0 19 19
19 19 0 0 0 0 0 0 0 0 0 0 0 0 0 0 0 0 0 6 85 61 85 6 0 0 0 0 0 0 0 0 0 0 0 0 0 0 0 0 0 0 0 0 6 85 61 85 6 0 0 0 0 0 0 0 0 0 0 18 18 18 18 0 0 0 0 0 0 0 0 0 0 0 0 85 85 85 85 85 36 36 36 39 36 36 85 85 85 85 85 36 36 40 7 0 0 19 19 19
19 19 0 0 0 0 0 0 0 0 0 0 0 0 0 0 0 0 0 6 85 61 85 6 0 0 0 0 0 0 0 0 0 0 0 0 0 0 0 0 0 0 0 0 6 85 61 85 6 0 0 0 0 0 0 0 0 0 0 0 18 18 18 0 0 0 0 0 0 0 0 0 0 0 0 85 85 85 85 85 85 85 85 34 85 85 85 85 85 85 85 85 85 35 7 0 0 19 19 19
19 19 0 0 0 0 0 0 0 0 0 0 0 0 0 0 0 0 0 6 85 61 85 6 0 0 0 0 0 0 0 0 0 0 0 0 0 0 0 0 0 0 0 0 6 85 61 85 6 0 0 0 0 0 0 0 0 0 0 0 18 18 18 0 0 0 0 0 0 0 0 0 0 0 0 85 85 85 85 85 36 36 36 39 36 36 85 85 85 85 85 36 36 40 7 0 0 19 19 19
19 19 19 0 0 0 0 0 0 0 0 0 0 0 0 0 0 0 0 6 85 61 85 6 0 0 0 0 0 0 0 0 0 0 0 0 0 0 0 0 0 0 0 0 6 85 61 85 6 0 0 0 0 0 0 0 0 0 0 18 18 18 18 0 0 0 0 0 0 0 0 0 0 0 0 85 85 85 85 85 85 85 85 34 85 85 85 85 85 85 85 85 85 35 7 0 0 19 19 19
19 19 19 0 0 0 0 0 0 0 0 0 0 0 0 0 0 0 0 6 85 61 85 6 0 0 0 0 0 0 0 0 0 0 0 0 0 0 0 0 0 0 0 0 6 85 61 85 6 0 0 0 0 0 0 0 0 0 0 18 18 18 18 0 0 0 0 0 0 0 0 0 0 0 0 85 85 85 85 85 36 36 36 39 36 36 85 85 85 85 85 36 36 40 7 0 0 19 19 19
19 19 19 0 0 0 0 0 0 0 0 0 0 0 0 0 0 0 0 6 85 61 85 6 0 0 0 0 0 0 0 0 0 0 0 0 0 0 0 0 0 0 0 0 6 85 61 85 6 0 0 0 0 0 0 0 0 0 0 18 18 18 0 0 0 0 0 0 0 0 0 0 0 0 0 85 85 85 85 85 85 85 85 34 85 85 85 85 85 85 85 85 85 35 7 0 0 19 19 19
19 19 19 0 0 0 0 0 0 0 0 0 0 0 0 0 0 0 0 6 85 61 85 6 0 0 0 0 0 0 0 0 0 0 0 0 0 0 0 0 0 0 0 0 6 85 61 85 6 0 0 0 0 0 0 0 0 0 0 18 18 18 0 0 0 0 0 0 0 0 0 0 0 0 0 85 85 85 85 85 36 36 36 39 36 36 85 85 85 85 85 36 36 40 7 0 0 0 19 19
19 19 19 0 0 0 0 0 0 0 0 0 0 0 0 0 0 0 0 6 85 61 85 6 0 0 0 0 0 0 0 0 0 0 0 0 0 0 0 0 0 0 0 0 6 85 61 85 6 0 0 0 0 0 0 0 0 0 18 18 18 18 0 0 0 0 0 0 0 0 0 0 0 0 0 85 85 85 85 85 85 85 85 34 85 85 85 85 85 85 85 85 85 35 7 0 0 19 19 19
19 19 19 0 0 0 0 0 0 0 0 0 0 0 0 0 0 0 0 6 85 61 85 6 0 0 0 0 0 0 0 0 0 0 0 0 0 0 0 0 0 0 0 0 6 85 61 85 6 0 0 0 0 0 0 0 0 0 18 18 18 18 0 0 0 0 0 0 0 0 0 0 0 0 0 85 85 85 85 85 36 36 36 39 36 36 85 85 85 85 85 36 36 40 7 0 0 19 19 19
19 19 19 0 0 0 0 0 0 0 6 6 6 6 6 6 6 6 6 6 85 61 85 6 0 0 0 0 0 0 0 0 0 0 0 0 0 0 0 0 0 0 0 0 6 85 61 85 6 124 202 202 202 202 125 0 0 0 18 18 18 18 0 0 0 0 0 0 0 0 0 0 0 0 0 85 85 85 85 85 85 85 85 34 85 85 85 85 85 85 85 85 85 35 7 0 0 19 19 19
19 19 0 0 0 0 0 0 0 0 6 85 85 85 85 85 85 85 85 85 85 61 85 6 0 0 5 5 5 5 5 5 5 0 0 0 0 0 0 0 0 0 0 0 6 85 61 85 6 175 92 92 92 92 176 0 0 0 18 18 18 18 0 0 0 0 0 0 0 0 0 0 0 0 0 85 85 85 85 85 36 36 36 39 36 36 85 85 85 85 85 36 36 40 7 0 0 0 0 19
19 19 0 0 0 0 0 0 0 0 6 85 85 62 62 62 62 62 62 62 62 85 85 6 0 0 5 5 5 5 5 5 5 0 0 0 0 0 0 0 0 0 0 0 6 85 61 85 6 175 92 92 92 92 176 0 0 0 18 18 18 18 0 0 0 0 0 5 5 5 5 5 5 5 5 85 85 85 85 85 63 63 63 66 63 63 85 85 85 85 85 63 63 67 7 0 0 0 0 19
19 19 0 0 0 0 0 0 0 0 6 85 61 85 85 85 85 85 85 85 85 85 85 6 0 0 5 5 5 5 5 5 5 0 279 281 281 281 280 0 0 0 0 0 6 92 61 85 6 175 92 92 92 92 176 0 0 0 18 18 18 18 0 0 0 0 5 5 5 5 5 5 5 5 5 85 85 85 85 85 85 85 85 85 85 85 85 85 85 85 85 85 85 85 7 0 0 0 0 19
19 19 0 0 0 0 0 0 0 0 6 85 61 85 6 6 6 6 6 6 6 6 6 6 0 0 5 5 5 5 5 5 5 0 308 11 11 11 308 0 0 0 0 0 6 92 61 92 6 151 203 203 203 203 152 0 0 0 18 18 18 18 0 0 0 5 5 5 5 5 5 5 5 5 5 85 85 85 85 85 85 85 85 85 85 85 85 85 85 85 85 85 85 85 7 0 0 0 19 19
19 19 0 0 0 0 0 0 0 0 6 85 61 85 6 108 110 110 110 110 110 110 109 0 0 0 0 0 0 0 0 0 0 0 308 11 11 11 308 0 0 0 0 0 6 92 61 92 6 4 4 4 4 4 4 4 4 99 99 99 99 99 99 5 5 5 5 5 5 0 0 0 0 0 0 85 85 85 85 85 7 7 7 7 7 7 7 7 7 7 7 7 7 7 7 0 0 19 19 19
19 19 0 0 0 0 0 0 0 0 6 85 61 85 6 137 11 11 11 11 11 11 137 0 0 0 0 0 279 281 281 281 281 281 283 284 11 279 283 281 281 280 0 0 6 92 61 92 6 4 4 4 4 4 4 4 4 99 99 99 99 99 99 5 5 5 5 5 0 0 0 0 0 0 0 85 85 85 85 85 6 0 0 0 0 0 0 0 0 0 0 0 0 0 0 0 0 19 19 19
19 19 0 0 0 0 0 0 0 0 6 85 61 85 6 137 11 11 11 11 11 11 137 0 0 0 0 0 308 11 11 11 11 11 11 11 11 285 11 11 11 308 0 0 6 92 61 92 6 4 4 4 4 4 4 4 4 99 99 99 99 99 99 5 5 5 5 0 0 0 0 0 0 115 116 85 85 85 85 85 6 0 0 0 0 0 0 0 0 0 0 0 0 0 0 0 0 0 19 19
19 19 0 0 0 0 0 0 0 0 6 85 61 85 6 137 11 11 11 11 11 11 137 0 0 0 0 0 308 11 11 11 11 11 11 11 11 11 11 11 11 308 0 0 6 85 61 92 6 0 0 0 0 0 0 0 0 0 18 18 18 18 0 0 0 0 0 0 0 0 0 0 0 142 143 56 56 85 85 85 6 0 0 0 0 0 0 0 0 0 0 0 0 0 0 0 0 0 19 19
19 19 0 0 0 0 0 0 0 0 6 85 61 85 6 135 110 113 11 141 110 110 136 0 0 0 0 0 308 11 11 11 11 11 11 11 11 311 11 11 11 308 0 0 6 85 61 85 6 0 0 0 0 0 0 0 0 0 18 18 18 18 0 0 0 279 281 281 281 281 281 281 281 281 284 85 85 85 85 85 312 281 281 281 281 281 281 281 281 281 280 0 0 0 0 0 0 0 19 19
19 19 0 0 0 0 0 0 0 0 6 85 61 85 6 6 6 6 6 6 6 6 6 0 0 0 0 0 308 11 11 11 11 11 11 11 11 308 11 11 11 308 0 0 6 85 61 85 6 0 0 0 0 0 0 0 0 0 18 18 18 18 0 0 0 308 9 9 9 9 9 9 9 9 9 9 85 61 85 9 9 9 9 9 9 9 9 9 9 9 308 0 0 0 0 0 0 0 19 19
19 19 0 0 0 0 0 0 0 0 6 85 61 85 85 85 85 85 85 85 85 85 6 0 0 0 0 0 308 11 11 11 11 11 11 11 11 308 11 11 11 308 0 0 6 85 61 85 6 0 0 0 0 0 0 0 0 0 18 18 18 18 0 0 0 308 9 372 373 373 373 373 373 374 9 9 85 61 85 9 9 9 372 373 373 373 373 373 374 9 308 0 0 0 0 0 0 0 0 19
19 19 0 0 0 0 0 0 0 0 6 85 85 62 62 62 62 62 62 62 85 85 6 0 0 0 0 0 306 281 281 281 281 284 11 11 312 283 281 281 281 307 0 0 6 85 61 85 6 0 0 0 0 0 0 0 0 0 18 18 18 18 0 0 0 308 9 399 400 400 400 400 400 401 9 9 85 61 85 9 9 9 399 400 400 400 400 400 401 9 308 0 0 0 0 0 0 0 0 19
19 19 0 0 0 0 0 0 0 0 6 85 85 85 85 85 85 85 85 85 61 85 6 0 0 0 0 0 0 0 0 0 0 0 9 9 0 0 0 0 0 0 0 0 6 85 61 85 6 0 0 0 0 0 0 0 0 0 18 18 18 18 0 0 0 308 9 426 427 427 427 427 427 428 9 9 85 61 85 9 9 9 426 427 427 427 427 427 428 9 308 0 0 0 0 0 0 0 0 19
19 19 0 0 0 0 0 0 0 0 6 6 6 6 6 6 6 6 6 85 61 85 6 0 0 0 0 0 0 0 0 0 0 0 9 9 0 0 0 0 0 0 0 0 6 85 61 85 6 0 0 0 0 0 0 0 0 18 18 18 18 18 0 0 0 308 9 9 9 9 9 9 9 9 9 9 85 61 85 9 9 9 9 9 9 9 9 9 9 9 308 0 0 0 0 0 19 19 19 19
19 19 0 0 0 0 0 0 0 0 0 0 0 0 0 0 0 0 6 85 61 85 6 6 6 6 6 6 6 6 6 6 6 6 6 6 6 6 6 6 6 6 6 6 6 85 61 85 6 0 0 0 0 0 0 0 0 18 18 18 18 18 0 0 0 308 9 9 9 9 9 85 85 85 85 85 85 61 85 9 9 9 372 373 373 373 373 373 374 9 308 0 0 0 0 0 19 19 19 19
19 19 0 0 0 0 0 0 0 0 0 0 0 0 0 0 0 0 6 85 61 85 85 85 85 85 85 85 85 85 85 85 85 85 85 85 85 85 85 85 85 85 85 85 85 85 61 85 6 0 0 0 0 0 0 0 0 18 18 18 18 18 0 0 0 308 9 9 9 9 9 85 85 62 62 62 62 85 85 9 9 9 399 400 400 400 400 400 401 9 308 0 0 0 0 0 0 19 19 19
19 19 19 0 0 0 0 0 0 0 0 0 0 0 0 0 0 0 6 85 85 62 62 62 62 62 62 62 62 62 62 62 62 62 62 62 62 62 62 62 62 62 62 62 62 62 85 85 6 0 0 0 0 0 0 0 0 18 18 18 18 18 0 0 0 308 9 9 9 9 9 85 61 85 85 85 85 85 85 9 9 9 426 427 427 427 427 427 428 9 308 0 0 0 0 0 0 0 19 19
19 19 19 0 0 0 0 0 0 0 0 0 0 0 0 0 0 0 6 85 85 85 85 85 85 85 85 85 85 85 85 85 85 85 85 85 85 85 85 85 85 85 85 85 85 85 85 85 6 0 0 0 0 0 0 0 0 18 18 18 18 0 0 0 0 308 9 372 373 374 9 85 61 85 9 9 9 9 9 9 9 9 9 9 9 9 9 9 9 9 308 0 0 0 0 0 0 0 0 19
19 19 0 0 0 0 0 0 0 0 0 0 0 0 0 0 0 0 6 6 6 6 6 6 6 6 6 6 6 6 6 6 6 6 6 6 6 6 6 6 6 6 6 6 6 6 6 6 6 0 0 0 0 0 0 0 0 18 18 18 18 0 0 0 0 308 9 399 400 401 9 85 61 85 9 9 9 9 9 9 9 9 9 9 9 9 9 9 9 9 308 0 0 0 0 0 0 0 19 19
19 19 0 0 0 0 0 0 0 0 0 0 0 0 0 0 0 0 0 0 0 0 0 0 0 0 0 0 0 0 0 0 0 0 0 0 0 0 0 0 0 0 0 0 0 0 0 0 0 0 0 0 0 0 0 0 0 18 18 18 18 0 0 0 0 308 9 399 400 401 9 85 61 85 9 372 373 373 373 373 373 374 9 279 281 281 281 281 281 281 307 0 0 0 0 0 0 0 19 19
19 19 0 0 0 0 0 0 0 0 0 0 0 0 0 0 0 0 0 0 0 0 0 0 0 0 0 0 0 0 0 0 0 0 0 0 0 0 0 0 0 0 0 0 0 0 0 0 0 0 0 0 0 0 0 0 0 18 18 18 18 0 0 0 0 308 9 399 400 401 9 85 61 85 9 399 400 400 400 400 400 401 9 308 0 0 0 0 0 0 0 0 0 0 0 0 19 19 19 19
19 19 0 0 0 0 0 0 0 0 0 0 0 0 0 0 0 0 0 0 0 0 0 0 0 0 0 0 0 0 0 0 0 0 0 0 0 0 0 0 0 0 0 0 0 0 0 0 0 0 0 0 0 0 0 0 18 18 18 18 18 0 0 0 0 308 9 399 400 401 9 85 61 85 9 426 427 427 427 427 427 428 9 308 0 0 0 0 0 0 0 0 19 19 19 19 19 19 19 19
19 19 0 0 0 0 0 0 0 0 0 0 0 0 0 0 0 0 0 0 0 0 0 0 0 0 0 0 0 0 0 0 0 0 0 0 0 0 0 0 0 0 0 0 0 0 0 0 0 0 0 0 0 0 0 0 18 18 18 18 18 0 0 0 0 308 9 426 427 428 9 85 61 85 9 9 9 9 9 9 9 9 9 308 0 0 0 0 0 0 0 19 19 19 19 0 0 19 19 19
19 19 0 0 0 0 19 0 0 0 0 0 0 0 0 0 0 0 0 0 0 0 0 0 0 0 0 0 0 0 0 0 0 0 0 0 0 0 0 0 0 0 0 0 0 0 0 0 0 0 0 0 0 0 0 0 18 18 18 18 18 0 0 0 0 308 9 9 9 9 9 85 61 85 9 372 373 373 373 373 373 374 9 308 0 0 0 0 0 19 19 19 19 19 0 0 0 0 19 19
19 19 0 0 0 19 19 19 0 0 0 0 0 0 0 0 0 0 0 0 0 0 0 0 0 0 0 0 0 0 0 0 0 0 0 0 0 0 0 0 0 0 0 0 0 0 0 0 0 0 0 0 0 0 0 0 0 18 18 18 18 0 0 0 0 308 9 9 9 9 9 85 61 85 9 399 400 400 400 400 400 401 9 308 0 0 0 0 19 19 19 19 0 0 0 0 0 0 19 19
19 19 19 19 19 19 19 0 0 0 0 0 0 0 0 0 0 0 0 0 0 0 0 0 0 0 0 0 0 0 0 0 0 0 0 0 0 0 0 0 0 0 0 0 0 0 0 0 0 0 0 0 0 0 0 0 18 18 18 18 18 0 0 0 0 308 9 9 9 9 9 85 61 85 9 426 427 427 427 427 427 428 9 308 0 0 0 19 19 19 0 0 0 0 0 0 0 0 19 19
19 19 19 19 19 19 0 0 0 0 0 0 0 0 0 0 0 0 0 0 0 0 0 0 0 0 0 0 0 0 0 0 0 0 0 0 0 0 0 0 0 0 0 0 0 0 0 0 0 0 0 0 0 0 0 0 18 18 18 18 18 0 0 0 0 308 9 9 9 9 9 85 61 85 9 9 9 9 9 9 9 9 9 308 0 0 0 19 19 19 0 0 0 0 0 0 0 0 19 19
19 19 19 19 19 0 0 0 0 0 0 0 0 0 0 0 0 0 0 0 0 0 0 0 0 0 0 0 0 0 0 0 0 0 0 0 0 0 0 0 0 0 0 0 0 0 0 0 0 0 0 0 0 0 0 0 0 18 18 18 18 0 0 0 0 308 9 9 9 9 9 85 61 85 9 9 9 9 9 9 9 9 9 308 0 0 19 19 19 0 0 0 0 0 0 0 0 0 0 19
19 19 19 19 0 0 0 0 0 0 0 0 0 0 0 0 0 0 0 0 0 0 0 0 0 0 0 0 0 0 0 0 0 0 0 0 0 0 0 0 0 0 0 0 0 0 0 0 0 0 0 0 0 0 0 0 0 18 18 18 18 0 0 0 0 308 9 9 9 9 9 85 61 85 9 9 9 9 279 281 281 281 281 307 0 0 19 19 0 0 0 0 0 0 0 0 0 0 0 19
19 19 19 0 0 0 0 0 0 0 0 0 0 0 0 0 0 0 0 0 0 0 0 0 0 0 0 0 0 0 0 0 0 0 0 0 0 0 0 0 0 0 0 0 0 0 0 0 0 0 0 0 0 0 0 0 0 18 19 18 18 0 0 0 0 308 9 9 9 9 9 85 61 85 9 9 9 9 308 0 0 0 0 0 0 19 19 19 0 0 0 0 0 0 0 0 0 0 0 19
19 19 0 0 0 0 0 0 0 0 0 0 19 0 0 0 0 0 0 0 0 0 0 0 0 0 0 0 0 0 0 0 0 0 0 0 0 0 0 0 0 0 0 0 0 0 0 0 0 0 0 0 0 0 0 0 0 18 19 18 18 0 0 0 0 308 9 9 9 9 9 85 61 85 9 9 9 9 308 0 0 0 0 0 19 19 19 0 0 0 0 0 0 0 0 0 0 0 0 19
19 19 0 0 0 0 0 0 0 0 0 0 19 0 0 0 0 0 0 0 0 0 0 0 0 0 0 0 0 0 0 0 0 0 0 0 0 0 0 0 0 0 0 0 0 0 0 0 0 0 0 0 0 0 0 0 0 19 19 19 19 19 0 0 0 308 9 9 9 9 9 85 61 85 9 9 9 9 308 0 0 0 0 0 19 19 19 0 0 0 0 0 0 0 0 0 0 0 0 19
19 19 0 0 0 0 0 0 0 0 0 19 19 0 0 0 0 0 0 0 0 0 0 0 0 0 0 0 0 0 0 0 0 0 0 0 0 0 0 0 0 0 0 0 0 0 0 0 0 0 0 0 0 0 0 0 19 19 18 18 18 19 19 0 0 308 18 18 18 18 18 85 61 85 18 18 18 18 308 0 0 0 0 19 19 19 0 0 0 0 0 0 0 0 0 0 0 0 0 19
19 19 0 0 0 0 0 0 19 19 19 19 19 0 0 0 0 0 0 0 0 0 0 0 0 0 0 0 0 0 0 0 19 19 19 0 0 0 0 0 0 0 0 0 19 19 0 0 0 0 0 0 0 0 0 19 19 19 18 18 18 19 19 0 0 308 18 18 18 18 18 9 9 9 18 18 18 18 308 0 0 0 0 19 19 19 0 0 0 0 0 0 0 0 0 0 0 0 19 19
19 19 19 0 0 0 0 19 19 19 19 19 19 0 0 0 0 0 0 0 0 0 0 0 0 0 0 0 0 0 19 19 19 19 19 19 0 0 0 0 0 0 0 0 19 19 19 0 0 0 0 0 0 19 19 19 19 18 18 18 18 19 19 19 0 285 18 18 18 18 18 9 9 9 18 18 19 18 285 0 0 0 19 19 19 19 19 0 0 0 0 0 0 0 0 19 0 19 19 19
19 19 19 19 0 19 19 19 19 19 19 19 0 0 0 0 0 0 0 0 0 0 0 0 19 19 19 19 0 19 19 19 19 19 19 19 19 19 0 0 0 0 19 19 19 19 19 19 19 19 19 19 19 19 19 19 19 18 18 18 18 19 19 19 19 19 18 18 18 18 18 9 9 9 19 19 19 19 19 19 19 19 19 19 19 19 19 0 19 19 19 0 0 19 19 19 19 19 19 19
19 19 19 19 19 19 19 19 19 19 19 19 19 19 19 19 19 19 19 19 19 19 19 19 19 19 19 19 19 19 19 19 19 19 19 19 19 19 19 19 19 19 19 19 19 19 19 19 19 19 19 19 19 19 19 19 19 18 18 18 18 19 19 19 19 19 19 19 19 19 18 18 18 18 19 19 19 19 19 19 19 19 19 19 19 19 19 19 19 19 19 19 19 19 19 19 19 19 19 19
19 19 19 19 19 19 19 19 19 19 19 19 19 19 19 19 19 19 19 19 19 19 19 19 19 19 19 19 19 19 19 19 19 19 19 19 19 19 19 19 19 19 19 19 19 19 19 19 19 19 19 19 19 19 19 19 19 19 19 19 19 19 19 19 19 19 19 19 19 19 18 18 18 18 18 19 19 19 19 19 19 19 19 19 19 19 19 19 19 19 19 19 19 19 19 19 19 19 19 19

