358 358 358 358 358 358 358 358 358 358 358 358 358 358 358 358 358 358 358 358 358 358 358 358 358 358 358 358 358 358 358 358 358 358 358 358 358 358 358 358 358 358 358 358 358 358 358 358 358 358 358 358 358 358 358 358 358 358 358 358 358 358 358 358 358 358 358 358 358 358 358 358 358 358 358 358 358 358 358 358 358 358 358 358 358 358 358 358 358 358 358 358 358 358 358 358 358 358 358 358 358 358 358 358 358 358 358 358 358 358 358 358 358 358 358 358 358 358 358 358 358 358 358 358
358 358 358 358 358 358 358 358 358 358 358 358 358 358 358 358 358 358 358 358 358 358 358 358 358 358 358 358 358 358 358 358 358 358 358 358 358 358 358 358 358 358 358 358 358 358 358 358 358 358 358 358 358 358 358 358 358 358 358 358 358 358 358 358 358 358 358 358 358 358 358 358 358 358 358 358 358 358 358 358 358 358 358 358 358 358 358 358 358 358 358 358 358 358 358 358 358 358 358 358 358 358 358 358 358 358 358 358 358 358 358 358 358 358 358 358 358 358 358 358 358 358 358 358
358 358 358 358 358 358 358 358 358 358 358 358 358 358 358 358 358 358 358 358 358 358 358 358 358 358 358 358 358 358 358 358 358 358 358 358 358 358 358 358 358 358 358 358 358 358 358 358 358 358 358 358 358 358 358 358 358 358 358 358 358 358 358 358 358 358 358 358 358 358 358 358 358 358 358 358 358 358 358 358 358 358 358 358 358 358 358 358 358 358 358 358 358 358 358 358 358 358 358 358 358 358 358 358 358 358 358 358 358 358 358 358 358 358 358 358 358 358 358 358 358 358 358 358
358 358 358 358 358 358 358 358 358 358 358 358 358 358 358 358 358 358 358 358 358 358 358 358 358 358 358 358 358 358 358 358 358 358 358 358 358 358 358 358 358 358 358 358 358 358 358 358 358 358 358 358 358 358 358 358 358 358 358 358 358 358 358 358 358 358 358 358 358 358 358 358 358 358 358 358 358 358 358 358 358 358 358 358 358 358 358 358 358 358 358 358 358 358 358 358 358 358 358 358 358 358 358 358 358 358 358 358 358 358 358 358 358 358 358 358 358 358 358 358 358 358 358 358
358 358 358 358 358 358 358 358 358 358 358 358 358 358 358 358 358 358 358 358 358 358 358 358 358 358 358 358 358 358 358 358 358 358 358 358 358 358 358 358 358 358 358 358 358 358 358 358 358 358 358 358 358 358 358 358 358 358 358 358 358 358 358 358 358 358 358 358 358 358 358 358 358 358 358 358 358 358 358 358 358 358 358 358 358 358 358 358 358 358 358 358 358 358 358 358 358 358 358 358 358 358 358 358 358 358 358 358 358 358 358 358 358 358 358 358 358 358 358 358 358 358 358 358
358 358 358 358 358 358 358 358 358 358 358 358 358 358 358 358 358 358 358 358 358 358 358 358 358 358 358 358 358 358 358 358 358 358 358 358 358 358 358 358 358 358 358 358 358 358 358 358 358 358 358 358 358 358 358 358 358 358 358 358 358 358 358 358 358 358 358 358 358 358 358 358 358 358 358 358 358 358 358 358 358 358 358 358 358 358 358 358 358 358 358 358 358 358 358 358 358 358 358 358 358 358 358 358 358 358 358 358 358 358 358 358 358 358 358 358 358 358 358 358 358 358 358 358
358 358 358 358 358 358 358 358 358 358 358 358 358 358 358 358 358 358 358 358 358 358 358 358 358 358 358 358 358 358 358 358 358 358 358 358 358 358 358 358 358 358 358 358 358 358 358 358 358 358 358 358 358 358 358 358 358 358 358 358 358 358 358 358 358 358 358 358 358 358 358 358 358 358 358 358 358 358 358 358 358 358 358 358 358 358 358 358 358 358 358 358 358 358 358 358 358 358 358 358 358 358 358 358 358 358 358 358 358 358 358 358 358 358 358 358 358 358 358 358 358 358 358 358
358 358 358 358 358 358 358 358 358 358 358 358 358 358 358 358 358 358 358 358 358 358 358 358 358 358 358 358 358 358 358 358 358 358 358 358 358 358 358 358 358 358 358 358 358 358 358 358 358 358 358 358 358 358 358 358 358 358 358 358 358 358 358 358 358 358 358 358 358 358 358 358 358 358 358 358 358 358 358 358 358 358 358 358 358 358 358 358 358 358 358 358 358 358 358 358 358 358 358 358 358 358 358 358 358 358 358 358 358 358 358 358 358 358 358 358 358 358 358 358 358 358 358 358
358 358 358 358 358 358 358 358 358 358 358 358 358 358 358 358 358 358 358 358 358 358 358 358 358 358 358 358 358 358 358 358 358 358 358 358 358 358 358 358 358 358 358 358 358 358 358 358 358 358 358 358 358 358 358 358 358 358 358 358 358 358 358 358 358 358 358 358 358 358 358 358 358 358 358 358 358 358 358 358 358 358 358 358 358 358 358 358 358 358 358 358 358 358 358 358 358 358 358 358 358 358 358 358 358 358 358 358 358 358 358 358 358 358 358 358 358 358 358 358 358 358 358 358
358 358 358 358 358 358 358 358 358 358 358 358 358 358 358 358 358 358 358 358 358 358 358 358 358 358 358 358 358 358 358 358 358 358 358 358 358 358 358 358 358 358 358 358 358 358 358 358 358 358 358 358 358 358 358 358 358 358 358 358 358 358 358 358 358 358 358 358 358 358 358 358 358 358 358 358 358 358 358 358 358 358 358 358 358 358 358 358 358 358 358 358 358 358 358 358 358 358 358 358 358 358 358 358 358 358 358 358 358 358 358 358 358 358 358 358 358 358 358 358 358 358 358 358
358 358 358 358 358 358 358 358 358 358 358 358 358 358 358 358 358 358 358 358 358 358 358 358 358 358 358 358 358 358 358 358 358 358 358 358 358 358 358 358 358 358 358 358 358 358 358 358 358 358 358 358 358 358 358 358 358 358 358 358 358 358 358 358 358 358 358 358 358 358 358 358 358 358 358 358 358 358 358 358 358 358 358 358 358 358 358 358 358 358 358 358 358 358 358 358 358 358 358 358 358 358 358 358 358 358 358 358 358 358 358 358 358 358 358 358 358 358 358 358 358 358 358 358
358 358 358 358 358 358 358 358 358 358 358 358 358 358 358 358 358 358 358 358 358 358 358 358 358 358 358 358 358 358 358 358 358 358 358 358 358 358 358 358 358 358 358 358 358 358 358 358 358 358 358 358 358 358 358 358 358 358 358 358 358 358 358 358 358 358 358 358 358 358 358 358 358 358 358 358 358 358 358 358 358 358 358 358 358 358 358 358 358 358 358 358 358 358 358 358 358 358 358 358 358 358 358 358 358 358 358 358 358 358 358 358 358 358 358 358 358 358 358 358 358 358 358 358
358 358 358 358 358 358 358 358 358 358 358 358 358 358 358 358 358 358 358 358 358 358 358 358 358 358 358 358 358 358 358 358 358 358 358 358 358 358 358 358 358 358 358 358 358 358 358 358 358 358 358 358 358 358 358 358 358 358 358 358 358 358 358 358 358 358 358 358 358 358 358 358 358 358 358 358 358 358 358 358 358 358 358 358 358 358 358 358 358 358 358 358 358 358 358 358 358 358 358 358 358 358 358 358 358 358 358 358 358 358 358 358 358 358 358 358 358 358 358 358 358 358 358 358
358 358 358 358 358 358 358 358 358 358 358 358 358 358 358 358 358 358 358 358 358 358 358 358 358 358 358 358 358 358 358 358 358 358 358 358 358 358 358 358 358 358 358 358 358 358 358 358 358 358 358 358 358 358 358 358 358 358 358 358 358 358 358 358 358 358 358 358 358 358 358 358 358 358 358 358 358 358 358 358 358 358 358 358 358 358 358 358 358 358 358 358 358 358 358 358 358 358 358 358 -1 -1 -1 358 358 358 358 358 358 358 358 358 358 358 358 358 358 358 358 358 358 358 358 358
358 358 358 358 358 358 358 358 358 358 358 358 358 358 358 358 358 358 358 358 -1 -1 -1 -1 -1 -1 -1 -1 -1 -1 -1 358 358 358 358 358 358 358 358 358 358 358 358 358 358 358 358 358 358 358 358 358 358 358 358 358 -1 358 358 358 358 358 358 -1 -1 -1 -1 -1 -1 -1 -1 358 358 358 358 358 358 358 358 358 358 358 358 358 358 358 358 358 358 358 358 358 -1 -1 -1 -1 -1 -1 -1 -1 -1 -1 -1 358 358 358 358 -1 -1 -1 358 358 358 358 358 358 358 358 358 358 358 358 358 358
358 358 358 358 358 358 358 358 358 358 358 358 358 358 358 358 358 358 -1 -1 -1 -1 -1 -1 -1 -1 -1 -1 -1 -1 -1 -1 -1 -1 -1 -1 -1 -1 -1 -1 -1 -1 -1 -1 358 358 358 358 358 358 358 358 358 358 358 358 -1 -1 -1 -1 -1 -1 -1 -1 -1 -1 -1 -1 -1 -1 -1 -1 358 358 358 358 358 358 358 358 358 358 358 358 358 358 358 358 358 -1 -1 -1 -1 -1 -1 -1 -1 -1 -1 -1 -1 -1 -1 358 358 358 358 -1 -1 -1 358 358 358 358 358 358 358 358 358 358 358 358 358 358
358 358 358 358 358 358 358 358 358 358 358 358 358 358 358 358 358 358 -1 -1 -1 -1 -1 -1 -1 -1 -1 -1 -1 -1 -1 -1 -1 -1 -1 -1 -1 -1 -1 -1 -1 -1 -1 -1 -1 -1 -1 358 358 358 358 358 358 358 358 358 -1 -1 -1 -1 -1 -1 -1 -1 -1 -1 -1 -1 -1 -1 -1 -1 358 358 358 358 358 358 358 358 358 358 358 -1 -1 -1 -1 -1 -1 -1 -1 -1 -1 -1 -1 -1 -1 -1 -1 -1 -1 -1 358 358 358 358 -1 -1 -1 358 358 358 358 358 358 358 358 358 358 358 358 358 358 358
358 358 358 358 358 358 358 358 358 358 358 358 358 358 358 358 358 358 -1 -1 -1 -1 -1 -1 -1 -1 -1 -1 -1 -1 -1 -1 -1 -1 -1 -1 -1 -1 -1 -1 -1 -1 -1 -1 -1 -1 -1 -1 -1 -1 358 358 358 358 358 -1 -1 -1 -1 -1 -1 -1 -1 -1 -1 -1 -1 -1 -1 -1 -1 -1 -1 -1 358 358 358 358 358 -1 -1 -1 -1 -1 -1 -1 -1 -1 -1 -1 -1 -1 -1 -1 -1 -1 -1 -1 -1 -1 -1 358 358 358 358 358 -1 -1 -1 358 358 358 358 358 358 358 358 358 358 358 358 358 358 358
358 358 358 358 358 358 358 358 358 358 358 358 358 358 358 358 358 -1 -1 -1 -1 -1 -1 -1 -1 -1 -1 -1 -1 -1 -1 -1 -1 -1 -1 -1 -1 -1 -1 -1 -1 -1 -1 -1 -1 -1 -1 -1 -1 -1 -1 -1 -1 -1 -1 -1 -1 -1 -1 -1 -1 -1 -1 -1 -1 -1 -1 -1 -1 -1 -1 -1 -1 -1 -1 -1 -1 -1 -1 -1 -1 -1 -1 -1 -1 -1 -1 -1 -1 -1 -1 -1 -1 -1 -1 -1 -1 -1 -1 -1 -1 358 358 358 358 -1 -1 -1 -1 358 358 358 358 358 358 358 358 358 358 358 358 358 358 358
358 358 358 358 358 358 358 358 358 358 358 358 358 358 358 358 -1 -1 -1 -1 -1 -1 -1 -1 -1 -1 -1 -1 -1 -1 -1 -1 -1 -1 -1 -1 -1 -1 -1 -1 -1 -1 -1 -1 -1 -1 -1 -1 -1 -1 -1 -1 -1 -1 -1 -1 -1 -1 -1 -1 -1 -1 -1 -1 -1 -1 -1 -1 -1 -1 -1 -1 -1 -1 -1 -1 -1 -1 -1 -1 -1 -1 -1 -1 -1 -1 -1 -1 -1 -1 -1 -1 -1 -1 -1 -1 -1 -1 -1 -1 358 358 358 358 -1 -1 -1 -1 -1 358 358 358 358 358 358 358 358 358 358 358 358 358 358 358
358 358 358 358 358 358 358 358 358 358 358 358 358 358 358 358 -1 -1 -1 -1 -1 -1 -1 -1 -1 -1 -1 -1 -1 -1 -1 -1 -1 -1 -1 -1 -1 -1 -1 -1 -1 -1 -1 -1 -1 -1 -1 -1 -1 -1 -1 -1 -1 -1 -1 -1 -1 -1 -1 -1 -1 -1 -1 -1 -1 -1 -1 -1 -1 -1 -1 -1 -1 -1 -1 -1 -1 -1 -1 -1 -1 -1 -1 -1 -1 -1 -1 -1 -1 -1 -1 -1 -1 -1 -1 -1 -1 -1 -1 358 358 358 358 358 -1 -1 -1 -1 -1 -1 358 358 358 358 358 358 358 358 358 358 358 358 358 358
358 358 358 358 358 358 358 358 358 358 358 358 358 358 358 358 358 -1 -1 -1 -1 -1 -1 -1 -1 -1 -1 -1 -1 -1 -1 -1 -1 -1 -1 -1 -1 -1 -1 -1 -1 -1 -1 -1 -1 -1 -1 -1 -1 -1 -1 -1 -1 -1 -1 -1 -1 -1 -1 -1 -1 -1 -1 -1 -1 -1 -1 -1 -1 -1 -1 -1 -1 -1 -1 -1 -1 -1 -1 -1 -1 -1 -1 -1 -1 -1 -1 -1 -1 -1 -1 -1 -1 -1 -1 -1 -1 -1 358 358 358 358 358 358 -1 -1 -1 -1 -1 -1 358 358 358 358 358 358 358 358 358 358 358 358 358 358
358 358 358 358 358 358 358 358 358 358 358 358 358 358 358 358 358 -1 -1 -1 -1 -1 -1 -1 -1 -1 -1 -1 -1 -1 -1 -1 -1 -1 -1 -1 -1 -1 -1 -1 -1 -1 -1 -1 -1 -1 -1 -1 -1 -1 -1 -1 -1 -1 -1 -1 -1 -1 -1 -1 -1 -1 -1 -1 -1 -1 -1 -1 -1 -1 -1 -1 -1 -1 -1 -1 -1 -1 -1 -1 -1 -1 -1 -1 -1 -1 -1 -1 -1 -1 -1 -1 -1 -1 -1 -1 -1 -1 358 358 358 358 358 358 -1 -1 -1 -1 -1 -1 358 358 358 358 358 358 358 358 358 358 358 358 358 358
358 358 358 358 358 358 358 358 358 358 358 358 358 358 358 358 358 -1 -1 -1 -1 -1 -1 -1 -1 -1 -1 -1 -1 -1 -1 -1 -1 -1 -1 -1 -1 -1 -1 -1 -1 -1 -1 -1 -1 -1 -1 -1 -1 -1 -1 -1 -1 -1 -1 -1 -1 -1 -1 -1 -1 -1 -1 -1 -1 -1 -1 -1 -1 -1 -1 -1 -1 -1 -1 -1 -1 -1 -1 -1 -1 -1 -1 -1 -1 -1 -1 -1 -1 -1 -1 -1 -1 -1 -1 -1 -1 358 358 358 358 358 358 -1 -1 -1 -1 -1 -1 -1 358 358 358 358 358 358 358 358 358 358 358 358 358 358
358 358 358 358 358 358 358 358 358 358 358 358 358 358 358 358 -1 -1 -1 -1 -1 -1 -1 -1 -1 -1 -1 -1 -1 -1 -1 -1 -1 -1 -1 -1 -1 -1 -1 -1 -1 -1 -1 -1 -1 -1 -1 -1 -1 -1 -1 -1 -1 -1 -1 -1 -1 -1 -1 -1 -1 -1 -1 -1 -1 -1 -1 -1 -1 -1 -1 -1 -1 -1 -1 -1 -1 -1 -1 -1 -1 -1 -1 -1 -1 -1 -1 -1 -1 -1 -1 -1 -1 -1 -1 -1 -1 358 358 358 358 358 358 -1 -1 -1 -1 -1 -1 -1 358 358 358 358 358 358 358 358 358 358 358 358 358 358
358 358 358 358 358 358 358 358 358 358 358 358 358 358 358 -1 -1 -1 -1 -1 -1 -1 -1 -1 -1 -1 -1 -1 -1 -1 -1 -1 -1 -1 -1 -1 -1 -1 -1 -1 -1 -1 -1 -1 -1 -1 -1 -1 -1 -1 -1 -1 -1 -1 -1 -1 -1 -1 -1 -1 -1 -1 -1 -1 -1 -1 -1 -1 -1 -1 -1 -1 -1 -1 -1 -1 -1 -1 -1 -1 -1 -1 -1 -1 -1 -1 -1 -1 -1 -1 -1 -1 -1 -1 -1 -1 358 358 358 358 358 358 -1 -1 -1 -1 -1 -1 -1 358 358 358 358 358 358 358 358 358 358 358 358 358 358 358
358 358 358 358 358 358 358 358 358 358 358 358 358 358 -1 -1 -1 -1 -1 -1 -1 -1 -1 -1 -1 -1 -1 -1 -1 -1 -1 -1 -1 -1 -1 -1 -1 -1 -1 -1 -1 -1 -1 -1 -1 -1 -1 -1 -1 -1 -1 -1 -1 -1 -1 -1 -1 -1 -1 -1 -1 -1 -1 -1 -1 -1 -1 -1 -1 -1 -1 -1 -1 -1 -1 -1 -1 -1 -1 -1 -1 -1 -1 -1 -1 -1 -1 -1 -1 -1 -1 -1 -1 -1 -1 358 358 358 358 358 358 -1 -1 -1 -1 -1 -1 -1 -1 358 358 358 358 358 358 358 358 358 358 358 358 358 358 358
358 358 358 358 358 358 358 358 358 358 358 358 358 358 -1 -1 -1 -1 -1 -1 -1 -1 -1 -1 -1 -1 -1 -1 358 358 358 -1 -1 -1 -1 -1 -1 -1 -1 -1 -1 -1 -1 -1 -1 -1 -1 -1 -1 -1 -1 -1 -1 -1 -1 -1 -1 -1 -1 -1 -1 -1 -1 -1 -1 -1 -1 -1 -1 -1 -1 -1 -1 -1 -1 -1 -1 -1 -1 -1 -1 -1 -1 -1 -1 -1 -1 -1 -1 -1 -1 -1 -1 -1 358 358 358 358 358 358 -1 -1 -1 -1 -1 -1 -1 -1 358 358 358 358 358 358 358 358 358 358 358 358 358 358 358 358
358 358 358 358 358 358 358 358 358 358 358 358 358 358 -1 -1 -1 -1 -1 -1 -1 -1 -1 -1 -1 -1 -1 358 358 358 358 -1 -1 -1 -1 -1 -1 -1 -1 -1 -1 -1 -1 -1 -1 -1 -1 -1 -1 -1 -1 -1 -1 -1 -1 -1 -1 -1 -1 -1 -1 -1 -1 -1 -1 -1 -1 -1 -1 -1 -1 -1 -1 -1 -1 -1 -1 -1 -1 -1 -1 -1 -1 -1 -1 -1 -1 -1 -1 -1 -1 -1 -1 358 358 358 358 358 -1 -1 -1 -1 -1 -1 -1 -1 358 358 358 358 358 358 358 358 358 358 358 358 358 358 358 358 358 358
358 358 358 358 358 358 358 358 358 358 358 358 358 358 -1 -1 -1 -1 -1 -1 -1 -1 -1 -1 -1 -1 358 358 358 358 358 -1 -1 -1 -1 -1 -1 -1 -1 -1 -1 -1 -1 -1 -1 -1 -1 -1 -1 -1 -1 -1 -1 -1 -1 -1 -1 -1 -1 -1 358 -1 -1 -1 -1 -1 -1 -1 -1 -1 -1 -1 -1 -1 -1 -1 -1 -1 -1 -1 -1 -1 -1 -1 -1 -1 -1 -1 -1 -1 -1 -1 358 358 358 358 358 -1 -1 -1 -1 -1 -1 -1 -1 -1 358 358 358 358 358 358 358 358 358 358 358 358 358 358 358 358 358 358
358 358 358 358 358 358 358 358 358 358 358 358 358 358 -1 -1 -1 -1 -1 -1 -1 -1 -1 -1 -1 358 358 358 358 358 358 -1 -1 -1 -1 -1 -1 -1 -1 -1 -1 -1 -1 -1 -1 -1 -1 -1 -1 -1 -1 -1 -1 -1 -1 -1 -1 -1 -1 -1 358 -1 -1 -1 -1 -1 -1 -1 -1 -1 -1 -1 -1 -1 -1 -1 -1 -1 -1 -1 -1 -1 -1 -1 -1 -1 358 -1 -1 -1 -1 358 358 358 358 358 358 -1 -1 -1 -1 -1 -1 -1 -1 -1 -1 -1 -1 358 358 358 358 358 358 358 358 358 358 358 358 358 358 358
358 358 358 358 358 358 358 358 358 358 358 358 358 358 -1 -1 -1 -1 -1 -1 -1 -1 -1 -1 -1 358 358 358 358 358 -1 -1 -1 -1 -1 -1 -1 -1 -1 -1 -1 -1 -1 -1 -1 -1 -1 -1 -1 -1 -1 -1 -1 -1 -1 -1 -1 -1 -1 -1 -1 -1 -1 -1 -1 -1 -1 -1 -1 -1 -1 -1 -1 -1 -1 -1 -1 -1 -1 -1 -1 -1 -1 -1 -1 -1 358 -1 -1 -1 -1 358 358 358 358 358 -1 -1 -1 -1 -1 -1 -1 -1 -1 -1 -1 -1 -1 358 358 358 358 358 358 358 358 358 358 358 358 358 358 358
358 358 358 358 358 358 358 358 358 358 358 358 358 358 -1 -1 -1 -1 -1 -1 -1 -1 -1 -1 -1 -1 358 358 -1 -1 -1 -1 -1 -1 -1 -1 -1 -1 -1 -1 -1 -1 -1 -1 -1 -1 -1 -1 -1 -1 -1 -1 -1 -1 -1 -1 -1 -1 -1 -1 -1 -1 -1 -1 -1 -1 -1 -1 -1 -1 -1 -1 -1 -1 -1 -1 -1 -1 -1 -1 -1 -1 -1 -1 -1 -1 358 -1 -1 -1 -1 358 358 358 358 -1 -1 -1 -1 -1 -1 -1 -1 -1 -1 -1 -1 -1 -1 -1 358 358 358 358 358 358 358 358 358 358 358 358 358 358
358 358 358 358 358 358 358 358 358 358 358 358 358 358 -1 -1 -1 -1 -1 -1 -1 -1 -1 -1 -1 -1 -1 -1 -1 -1 -1 -1 -1 -1 -1 -1 -1 -1 -1 -1 -1 -1 -1 -1 -1 -1 -1 -1 -1 -1 -1 -1 -1 -1 -1 -1 -1 -1 -1 -1 -1 -1 -1 -1 -1 -1 -1 -1 358 358 358 358 358 -1 -1 358 358 358 358 358 -1 -1 -1 -1 -1 -1 358 -1 -1 -1 -1 358 358 358 358 -1 -1 -1 -1 -1 -1 -1 -1 -1 -1 -1 -1 -1 -1 -1 358 358 358 358 358 358 358 358 358 358 358 358 358 358
358 358 358 358 358 358 358 358 358 358 358 358 358 358 -1 -1 -1 -1 -1 -1 -1 -1 -1 -1 -1 -1 -1 -1 -1 -1 -1 -1 -1 -1 -1 -1 -1 -1 -1 -1 -1 -1 -1 -1 -1 -1 -1 -1 -1 -1 -1 -1 -1 -1 -1 -1 -1 -1 -1 -1 -1 -1 -1 -1 -1 -1 -1 -1 358 -1 -1 -1 -1 -1 -1 -1 -1 -1 -1 358 -1 -1 -1 -1 -1 -1 358 -1 -1 -1 -1 358 358 -1 -1 -1 -1 -1 -1 -1 -1 -1 -1 -1 -1 -1 -1 -1 -1 358 358 358 358 358 358 358 358 358 358 358 358 358 358 358
358 358 358 358 358 358 358 358 358 358 358 358 358 358 -1 -1 -1 -1 -1 -1 -1 -1 -1 -1 -1 -1 -1 -1 -1 -1 -1 -1 -1 -1 -1 -1 -1 -1 -1 -1 -1 -1 -1 -1 -1 -1 -1 -1 -1 -1 -1 -1 -1 -1 -1 -1 -1 -1 -1 -1 -1 -1 -1 -1 -1 -1 -1 -1 358 -1 -1 -1 -1 -1 -1 -1 -1 -1 -1 358 -1 -1 -1 -1 -1 -1 358 -1 -1 -1 -1 358 -1 -1 -1 -1 -1 -1 -1 -1 -1 -1 -1 -1 -1 -1 -1 -1 -1 358 358 358 358 358 358 358 358 358 358 358 358 358 358 358
358 358 358 358 358 358 358 358 358 358 358 358 358 358 -1 -1 -1 -1 -1 -1 -1 -1 -1 -1 -1 -1 -1 -1 -1 -1 -1 -1 -1 -1 -1 -1 -1 -1 -1 -1 -1 -1 -1 -1 -1 -1 -1 -1 -1 -1 -1 -1 -1 -1 -1 -1 -1 -1 -1 -1 -1 -1 -1 -1 -1 -1 -1 -1 358 -1 -1 -1 -1 -1 -1 -1 -1 -1 -1 358 -1 -1 -1 -1 -1 -1 358 -1 -1 -1 -1 358 -1 -1 -1 -1 -1 -1 -1 -1 -1 -1 -1 -1 -1 -1 358 -1 -1 358 358 358 358 358 358 358 358 358 358 358 358 358 358 358
358 358 358 358 358 358 358 358 358 358 358 358 358 358 -1 -1 -1 -1 -1 -1 -1 -1 -1 -1 -1 -1 -1 -1 -1 -1 -1 -1 -1 -1 -1 -1 -1 -1 -1 -1 -1 -1 -1 -1 -1 -1 -1 -1 -1 -1 -1 -1 -1 -1 -1 -1 -1 -1 -1 -1 -1 -1 -1 -1 -1 -1 -1 -1 358 -1 -1 -1 -1 358 358 -1 358 358 -1 358 -1 -1 -1 -1 -1 358 358 -1 -1 -1 -1 358 -1 -1 -1 -1 -1 -1 -1 -1 -1 -1 -1 -1 -1 -1 358 358 -1 358 358 358 358 358 358 358 358 358 358 358 358 358 358 358
358 358 358 358 358 358 358 358 358 358 358 358 358 358 -1 -1 -1 -1 -1 -1 -1 -1 -1 -1 -1 -1 -1 -1 -1 -1 -1 -1 -1 -1 -1 -1 -1 -1 -1 -1 -1 -1 -1 -1 -1 -1 -1 -1 -1 -1 -1 -1 -1 -1 -1 -1 -1 -1 -1 -1 -1 -1 -1 -1 -1 -1 -1 -1 358 -1 -1 358 358 358 358 358 358 358 358 358 -1 -1 -1 -1 -1 358 358 -1 -1 -1 -1 358 -1 -1 -1 -1 -1 -1 -1 -1 -1 -1 -1 -1 -1 -1 358 358 358 358 358 358 358 358 358 358 358 358 358 358 358 358 358 358
358 358 358 358 358 358 358 358 358 358 358 358 358 358 -1 -1 -1 -1 -1 -1 -1 -1 -1 -1 -1 -1 -1 -1 -1 -1 -1 -1 -1 -1 -1 -1 -1 -1 -1 -1 -1 -1 -1 -1 -1 -1 -1 -1 -1 -1 -1 -1 -1 -1 -1 -1 -1 -1 -1 -1 -1 -1 -1 -1 -1 -1 -1 -1 358 -1 -1 -1 -1 358 358 -1 358 -1 -1 -1 -1 -1 -1 -1 358 358 358 -1 -1 -1 -1 358 -1 -1 -1 -1 -1 -1 -1 -1 -1 -1 -1 -1 -1 -1 -1 358 358 358 358 358 358 358 358 358 358 358 358 358 358 358 358 358
358 358 358 358 358 358 358 358 358 358 358 358 358 358 -1 -1 -1 -1 -1 -1 -1 -1 -1 -1 -1 -1 -1 -1 -1 -1 -1 -1 -1 -1 -1 -1 -1 -1 -1 -1 -1 -1 -1 -1 -1 -1 -1 -1 -1 -1 -1 -1 -1 -1 -1 -1 -1 -1 -1 -1 -1 -1 -1 -1 358 358 358 358 358 -1 -1 -1 -1 -1 -1 -1 358 -1 -1 -1 -1 -1 -1 -1 358 358 358 -1 -1 -1 -1 358 -1 -1 -1 -1 -1 -1 -1 -1 -1 -1 -1 -1 -1 -1 -1 358 358 358 358 358 358 358 358 358 358 358 358 358 358 358 358 358
358 358 358 358 358 358 358 358 358 358 358 358 358 358 -1 -1 -1 -1 -1 -1 -1 -1 -1 -1 -1 -1 -1 -1 -1 -1 -1 -1 -1 -1 -1 -1 -1 -1 -1 -1 -1 -1 -1 -1 -1 -1 -1 -1 -1 -1 -1 -1 -1 -1 -1 -1 -1 -1 -1 -1 -1 -1 -1 -1 358 -1 358 358 358 -1 -1 -1 -1 -1 -1 -1 358 -1 -1 -1 -1 -1 -1 358 358 358 358 -1 -1 -1 -1 358 -1 -1 -1 -1 -1 -1 -1 -1 -1 -1 -1 -1 -1 -1 -1 -1 -1 358 358 358 358 358 358 358 358 358 358 358 358 358 358 358
358 358 358 358 358 358 358 358 358 358 358 358 358 358 -1 -1 -1 -1 -1 -1 -1 -1 -1 -1 -1 -1 -1 -1 -1 -1 -1 -1 -1 -1 -1 -1 -1 -1 -1 -1 -1 -1 -1 -1 -1 -1 -1 -1 -1 -1 -1 -1 -1 -1 -1 -1 -1 -1 -1 -1 -1 -1 -1 -1 358 358 -1 -1 -1 -1 -1 -1 -1 -1 -1 -1 358 -1 -1 -1 -1 -1 358 358 358 358 358 -1 -1 -1 -1 358 -1 -1 -1 -1 -1 -1 -1 -1 -1 -1 -1 -1 -1 -1 -1 -1 -1 -1 358 358 358 358 358 358 358 358 358 358 358 358 358 358
358 358 358 358 358 358 358 358 358 358 358 358 358 358 -1 -1 -1 -1 -1 -1 -1 -1 -1 -1 -1 -1 -1 -1 -1 -1 -1 -1 -1 -1 -1 -1 -1 -1 -1 -1 -1 -1 -1 -1 -1 -1 -1 -1 -1 -1 -1 -1 -1 -1 -1 -1 -1 -1 -1 -1 -1 -1 -1 -1 358 358 -1 -1 -1 -1 -1 358 358 358 358 358 358 -1 -1 -1 -1 358 358 358 358 358 358 -1 -1 -1 -1 358 -1 -1 -1 -1 -1 -1 -1 -1 -1 -1 -1 -1 -1 -1 -1 -1 -1 -1 -1 358 358 358 358 358 358 358 358 358 358 358 358 358
358 358 358 358 358 358 358 358 358 358 358 358 358 358 -1 -1 -1 -1 -1 -1 -1 -1 -1 -1 -1 -1 -1 -1 -1 -1 -1 -1 -1 -1 -1 -1 -1 -1 -1 -1 -1 -1 -1 -1 -1 -1 -1 -1 -1 -1 -1 -1 -1 -1 -1 -1 -1 -1 -1 -1 -1 -1 -1 -1 358 358 358 358 358 358 358 358 358 358 358 358 358 -1 -1 -1 358 358 358 358 358 358 358 -1 -1 -1 -1 -1 -1 -1 -1 -1 -1 -1 -1 -1 -1 -1 -1 -1 -1 -1 -1 -1 -1 -1 -1 358 358 358 358 358 358 358 358 358 358 358 358 358
358 358 358 358 358 358 358 358 358 358 358 358 358 358 -1 -1 -1 -1 -1 -1 -1 -1 -1 -1 -1 -1 -1 -1 -1 -1 -1 -1 -1 -1 -1 -1 -1 -1 -1 -1 -1 -1 -1 -1 -1 -1 -1 -1 -1 -1 -1 -1 -1 -1 -1 -1 -1 -1 -1 -1 -1 -1 -1 -1 -1 -1 -1 -1 -1 -1 -1 -1 -1 -1 -1 -1 -1 -1 -1 358 358 358 358 358 358 -1 -1 -1 -1 -1 -1 -1 358 358 358 358 358 358 358 358 358 358 358 358 358 358 358 -1 -1 -1 358 358 358 358 358 358 358 358 358 358 358 358 358 358
358 358 358 358 358 358 358 358 358 358 358 358 358 358 -1 -1 -1 -1 -1 -1 -1 -1 -1 -1 -1 -1 -1 -1 -1 -1 -1 -1 -1 -1 -1 -1 -1 -1 -1 -1 -1 -1 -1 -1 -1 -1 -1 -1 -1 -1 -1 -1 -1 -1 -1 -1 -1 -1 -1 -1 -1 -1 -1 -1 -1 -1 -1 -1 -1 -1 -1 -1 -1 -1 -1 -1 -1 -1 -1 358 358 358 358 358 358 -1 -1 -1 -1 -1 -1 -1 358 -1 -1 -1 -1 -1 -1 -1 -1 -1 -1 -1 -1 -1 358 -1 -1 358 358 358 358 358 358 358 358 358 358 358 358 358 358 358
358 358 358 358 358 358 358 358 358 358 358 358 358 358 -1 -1 -1 -1 -1 -1 -1 -1 -1 -1 -1 -1 -1 -1 -1 -1 -1 -1 -1 -1 -1 -1 -1 -1 -1 -1 -1 -1 -1 -1 -1 -1 -1 -1 -1 -1 -1 -1 -1 -1 -1 -1 -1 -1 -1 -1 -1 -1 -1 -1 -1 -1 -1 -1 -1 -1 -1 -1 -1 -1 -1 -1 -1 -1 -1 358 358 358 358 358 -1 -1 -1 -1 -1 -1 -1 -1 358 -1 -1 -1 -1 -1 -1 -1 -1 -1 -1 -1 -1 -1 358 -1 -1 358 358 358 358 358 358 358 358 358 358 358 358 358 358 358
358 358 358 358 358 358 358 358 358 358 358 358 358 358 -1 -1 -1 -1 -1 -1 -1 -1 -1 -1 -1 -1 -1 -1 -1 -1 -1 -1 -1 -1 -1 -1 -1 -1 -1 -1 -1 -1 -1 -1 -1 -1 -1 -1 -1 -1 -1 -1 -1 -1 -1 -1 -1 -1 -1 -1 -1 -1 -1 -1 -1 -1 -1 -1 -1 -1 -1 -1 -1 -1 -1 -1 -1 -1 358 358 358 358 358 -1 -1 -1 -1 -1 -1 -1 -1 -1 358 -1 -1 -1 -1 -1 -1 -1 -1 -1 -1 -1 -1 -1 358 -1 -1 358 358 358 358 358 358 358 358 358 358 358 358 358 358 358
358 358 358 358 358 358 358 358 358 358 358 358 358 358 -1 -1 -1 -1 -1 -1 -1 -1 -1 -1 -1 -1 -1 -1 -1 -1 -1 -1 -1 -1 -1 -1 -1 -1 -1 -1 -1 -1 -1 -1 -1 -1 -1 -1 -1 -1 -1 -1 -1 -1 -1 -1 -1 -1 -1 -1 -1 -1 -1 -1 -1 -1 -1 -1 -1 -1 -1 -1 -1 -1 -1 -1 -1 358 358 358 358 358 -1 -1 -1 -1 -1 -1 -1 -1 -1 -1 358 -1 -1 -1 -1 -1 -1 -1 -1 -1 -1 -1 -1 -1 358 -1 -1 358 358 358 358 358 358 358 358 358 358 358 358 358 358 358
358 358 358 358 358 358 358 358 358 358 358 358 358 358 -1 -1 -1 -1 -1 -1 -1 -1 -1 -1 -1 -1 -1 -1 -1 -1 -1 -1 -1 -1 -1 -1 -1 -1 -1 -1 -1 -1 -1 -1 -1 -1 -1 -1 -1 -1 -1 -1 -1 -1 -1 -1 -1 -1 -1 -1 -1 -1 -1 -1 -1 -1 -1 -1 -1 -1 -1 -1 -1 -1 -1 -1 358 358 358 358 358 358 -1 -1 -1 -1 -1 -1 -1 -1 -1 -1 358 -1 -1 -1 -1 -1 -1 -1 -1 -1 -1 -1 -1 -1 358 -1 -1 -1 358 358 358 358 358 358 358 358 358 358 358 358 358 358
358 358 358 358 358 358 358 358 358 358 358 358 358 358 -1 -1 -1 -1 -1 -1 358 358 358 358 358 358 358 358 358 358 358 -1 -1 -1 -1 -1 358 358 358 358 358 358 358 358 358 358 358 358 358 358 358 358 358 358 358 358 -1 -1 -1 -1 -1 -1 -1 -1 -1 -1 -1 -1 -1 -1 -1 -1 -1 -1 -1 -1 358 358 358 358 358 -1 -1 -1 -1 -1 -1 -1 -1 -1 -1 -1 358 -1 -1 -1 -1 -1 -1 -1 -1 -1 -1 -1 -1 -1 358 -1 -1 -1 358 358 358 358 358 358 358 358 358 358 358 358 358 358
358 358 358 358 358 358 358 358 358 358 358 358 358 358 -1 -1 -1 -1 -1 -1 358 358 358 358 358 358 358 358 358 358 358 -1 -1 -1 -1 -1 358 -1 -1 -1 -1 -1 -1 -1 358 358 -1 -1 -1 -1 -1 -1 -1 -1 -1 358 -1 -1 -1 -1 -1 -1 -1 -1 -1 -1 -1 -1 -1 -1 -1 -1 -1 -1 -1 -1 358 358 358 358 -1 -1 -1 -1 -1 -1 -1 -1 -1 -1 -1 -1 358 -1 -1 -1 358 -1 358 358 358 358 -1 -1 -1 -1 358 -1 -1 -1 358 358 358 358 358 358 358 358 358 358 358 358 358 358
358 358 358 358 358 358 358 358 358 358 358 358 358 358 -1 -1 -1 -1 -1 -1 358 358 358 358 358 358 358 358 358 358 358 -1 -1 -1 -1 -1 358 -1 -1 -1 -1 -1 -1 -1 358 358 -1 -1 -1 -1 -1 -1 -1 -1 -1 358 -1 -1 -1 -1 -1 -1 -1 -1 -1 -1 -1 -1 -1 -1 -1 -1 -1 -1 -1 358 358 358 358 358 -1 -1 -1 -1 -1 -1 -1 -1 -1 -1 -1 -1 358 -1 -1 358 358 358 -1 -1 -1 358 -1 -1 -1 -1 358 -1 -1 358 358 358 358 358 358 358 358 358 358 358 358 358 358 358
358 358 358 358 358 358 358 358 358 358 358 358 358 358 -1 -1 -1 -1 -1 -1 358 358 358 358 358 358 358 358 358 358 358 -1 -1 -1 -1 -1 358 -1 -1 -1 -1 -1 -1 -1 358 358 -1 -1 -1 -1 -1 -1 -1 -1 -1 358 -1 -1 -1 -1 -1 -1 -1 -1 -1 -1 -1 -1 -1 -1 -1 -1 -1 -1 358 358 358 358 358 -1 -1 -1 -1 -1 -1 -1 -1 -1 -1 -1 -1 -1 358 -1 -1 -1 -1 -1 -1 -1 -1 -1 -1 -1 -1 -1 358 -1 -1 358 358 358 358 358 358 358 358 358 358 358 358 358 358 358
358 358 358 358 358 358 358 358 358 358 358 358 358 358 -1 -1 -1 -1 -1 -1 358 358 358 358 358 358 358 358 358 358 358 -1 -1 -1 -1 -1 358 -1 -1 -1 -1 -1 -1 -1 358 358 -1 -1 -1 -1 -1 -1 -1 -1 -1 358 -1 -1 -1 -1 -1 -1 -1 -1 -1 -1 -1 -1 -1 -1 -1 -1 -1 -1 358 358 358 358 -1 -1 -1 -1 -1 -1 -1 -1 -1 -1 -1 -1 -1 -1 358 -1 -1 -1 358 -1 -1 -1 -1 -1 -1 -1 -1 -1 358 -1 -1 358 358 358 358 358 358 358 358 358 358 358 358 358 358 358
358 358 358 358 358 358 358 358 358 358 358 358 358 358 -1 -1 -1 -1 -1 -1 358 358 358 358 358 358 358 358 358 358 358 -1 -1 -1 -1 -1 358 -1 -1 -1 -1 -1 -1 -1 358 358 -1 -1 -1 -1 -1 -1 -1 -1 -1 358 -1 -1 -1 -1 -1 -1 -1 -1 -1 -1 -1 -1 -1 -1 -1 -1 -1 358 358 358 358 358 -1 -1 -1 -1 -1 -1 -1 -1 -1 -1 -1 -1 -1 -1 358 -1 -1 358 358 358 -1 -1 -1 358 -1 -1 -1 -1 358 -1 -1 358 358 358 358 358 358 358 358 358 358 358 358 358 358 358
358 358 358 358 358 358 358 358 358 358 358 358 358 358 -1 -1 -1 -1 -1 -1 358 -1 -1 -1 -1 -1 -1 -1 -1 -1 358 -1 -1 -1 -1 -1 358 358 358 -1 -1 358 358 358 358 358 358 358 358 358 -1 -1 358 358 358 358 -1 -1 -1 -1 -1 -1 -1 -1 -1 -1 -1 -1 -1 -1 -1 -1 -1 358 358 358 358 -1 -1 -1 -1 -1 -1 -1 -1 -1 -1 -1 -1 -1 -1 -1 358 -1 -1 -1 -1 -1 -1 -1 -1 358 -1 -1 -1 -1 358 -1 -1 358 358 358 358 358 358 358 358 358 358 358 358 358 358 358
358 358 358 358 358 358 358 358 358 358 358 358 358 358 -1 -1 -1 -1 -1 -1 358 -1 -1 -1 -1 -1 -1 -1 -1 -1 -1 -1 -1 -1 -1 -1 -1 -1 -1 -1 -1 -1 -1 -1 -1 -1 -1 -1 -1 -1 -1 -1 -1 -1 -1 -1 -1 -1 -1 -1 -1 -1 -1 -1 -1 -1 -1 -1 -1 -1 -1 -1 -1 358 358 358 358 -1 -1 -1 -1 -1 -1 -1 -1 -1 -1 -1 -1 -1 -1 -1 358 358 358 358 358 358 -1 -1 -1 358 358 358 358 358 358 -1 -1 358 358 358 358 358 358 358 358 358 358 358 358 358 358 358
358 358 358 358 358 358 358 358 358 358 358 358 358 358 -1 -1 -1 -1 -1 -1 358 -1 -1 -1 -1 -1 -1 -1 -1 -1 -1 -1 -1 -1 -1 -1 -1 -1 -1 -1 -1 -1 -1 -1 -1 -1 -1 -1 -1 -1 -1 -1 -1 -1 -1 -1 -1 -1 -1 -1 -1 -1 -1 -1 -1 -1 -1 -1 -1 -1 -1 -1 -1 358 358 358 -1 -1 -1 -1 -1 -1 -1 -1 -1 -1 -1 -1 -1 -1 -1 -1 -1 -1 -1 -1 -1 -1 -1 -1 -1 -1 -1 -1 -1 -1 -1 -1 -1 358 358 358 358 358 358 358 358 358 358 358 358 358 358 358
358 358 358 358 358 358 358 358 358 358 358 358 358 358 -1 -1 -1 -1 -1 -1 358 -1 -1 -1 -1 -1 -1 -1 -1 -1 358 -1 -1 -1 -1 -1 -1 -1 -1 -1 -1 -1 -1 -1 -1 -1 -1 -1 -1 -1 -1 -1 -1 -1 -1 -1 -1 -1 -1 -1 -1 -1 -1 -1 -1 -1 -1 -1 -1 -1 -1 -1 358 358 358 358 -1 -1 -1 -1 -1 -1 -1 -1 -1 -1 -1 -1 -1 -1 -1 -1 -1 -1 -1 -1 -1 -1 -1 -1 -1 -1 -1 -1 -1 -1 -1 -1 -1 358 358 358 358 358 358 358 358 358 358 358 358 358 358 358
358 358 358 358 358 358 358 358 358 358 358 358 358 358 -1 -1 -1 -1 -1 -1 358 358 358 358 358 358 358 358 358 358 358 -1 -1 -1 -1 -1 -1 -1 -1 -1 -1 -1 -1 -1 -1 -1 -1 -1 -1 -1 -1 -1 -1 -1 -1 -1 -1 -1 -1 -1 -1 -1 -1 -1 -1 -1 -1 -1 -1 -1 -1 -1 358 358 358 358 -1 -1 -1 -1 -1 -1 -1 -1 -1 -1 -1 -1 -1 -1 -1 -1 -1 -1 -1 -1 -1 -1 -1 -1 -1 -1 -1 -1 -1 -1 -1 -1 -1 358 358 358 358 358 358 358 358 358 358 358 358 358 358 358
358 358 358 358 358 358 358 358 358 358 358 358 358 358 -1 -1 -1 -1 -1 -1 -1 -1 -1 -1 -1 -1 -1 -1 -1 -1 -1 -1 -1 -1 -1 -1 -1 -1 -1 -1 -1 -1 -1 -1 -1 -1 -1 -1 -1 -1 -1 -1 -1 -1 -1 -1 -1 -1 -1 -1 -1 -1 -1 -1 -1 -1 -1 -1 -1 -1 -1 -1 358 358 358 -1 -1 -1 -1 -1 -1 -1 -1 -1 -1 -1 -1 -1 -1 -1 -1 -1 -1 -1 -1 -1 -1 -1 -1 -1 -1 -1 -1 -1 -1 -1 -1 -1 -1 -1 358 358 358 358 358 358 358 358 358 358 358 358 358 358
358 358 358 358 358 358 358 358 358 358 358 358 358 358 -1 -1 -1 -1 -1 -1 -1 -1 -1 -1 -1 -1 -1 -1 -1 -1 -1 -1 -1 -1 -1 -1 358 358 358 358 358 358 -1 -1 358 358 358 358 -1 -1 358 358 -1 -1 358 358 -1 -1 -1 -1 -1 -1 -1 -1 -1 -1 -1 -1 -1 -1 -1 -1 358 358 358 -1 -1 -1 -1 -1 -1 -1 -1 -1 -1 -1 -1 -1 -1 -1 -1 -1 -1 -1 -1 -1 -1 -1 -1 -1 -1 -1 -1 -1 -1 -1 -1 -1 -1 -1 358 358 358 358 358 358 358 358 358 358 358 358 358 358
358 358 358 358 358 358 358 358 358 358 358 358 358 358 -1 -1 -1 -1 -1 -1 -1 -1 -1 -1 -1 -1 -1 -1 -1 -1 -1 -1 -1 -1 -1 -1 358 -1 -1 -1 -1 -1 -1 -1 -1 -1 358 358 -1 -1 358 -1 -1 -1 -1 358 -1 -1 -1 -1 -1 -1 -1 -1 -1 -1 -1 -1 -1 -1 -1 358 358 358 358 -1 -1 -1 -1 -1 -1 -1 -1 -1 -1 -1 -1 -1 -1 -1 -1 -1 -1 -1 -1 -1 -1 -1 -1 -1 -1 -1 -1 -1 -1 -1 -1 -1 -1 358 358 358 358 358 358 358 358 358 358 358 358 358 358 358
358 358 358 358 358 358 358 358 358 358 358 358 358 358 -1 -1 -1 358 358 358 358 358 358 358 358 358 358 358 358 358 358 -1 -1 -1 -1 -1 358 -1 358 -1 -1 -1 -1 -1 -1 -1 -1 358 -1 -1 358 -1 -1 -1 -1 358 -1 -1 -1 -1 -1 -1 -1 -1 -1 -1 -1 -1 -1 -1 -1 -1 358 358 358 -1 -1 -1 -1 -1 -1 -1 -1 -1 -1 -1 -1 -1 -1 -1 -1 -1 -1 -1 -1 -1 -1 -1 -1 -1 -1 -1 -1 -1 -1 -1 -1 -1 -1 358 358 358 358 358 358 358 358 358 358 358 358 358 358 358
358 358 358 358 358 358 358 358 358 358 358 358 358 358 -1 -1 -1 358 -1 -1 -1 -1 -1 -1 -1 -1 -1 -1 -1 358 358 -1 -1 -1 -1 -1 358 -1 -1 -1 -1 -1 -1 -1 -1 -1 -1 358 -1 -1 358 358 -1 -1 358 358 -1 -1 -1 -1 -1 -1 -1 -1 -1 -1 -1 -1 -1 -1 -1 -1 358 358 358 -1 -1 -1 -1 -1 -1 -1 -1 -1 -1 -1 -1 -1 -1 -1 -1 -1 -1 -1 -1 -1 -1 -1 -1 -1 -1 -1 -1 -1 -1 -1 -1 -1 -1 358 358 358 358 358 358 358 358 358 358 358 358 358 358 358
358 358 358 358 358 358 358 358 358 358 358 358 358 358 358 -1 -1 358 358 358 358 358 358 358 358 358 -1 -1 -1 -1 358 -1 -1 -1 -1 -1 358 -1 -1 -1 358 358 358 -1 358 358 -1 358 -1 -1 358 358 -1 -1 358 358 -1 -1 -1 -1 -1 -1 -1 -1 -1 -1 -1 -1 -1 -1 -1 358 358 358 358 -1 -1 -1 -1 -1 -1 -1 -1 -1 -1 -1 -1 -1 -1 -1 -1 -1 -1 -1 -1 -1 -1 -1 -1 -1 -1 -1 -1 -1 -1 -1 -1 -1 -1 358 358 358 358 358 358 358 358 358 358 358 358 358 358 358
358 358 358 358 358 358 358 358 358 358 358 358 358 358 358 -1 -1 358 -1 -1 -1 -1 -1 -1 -1 -1 -1 -1 -1 -1 358 -1 -1 -1 -1 -1 358 -1 -1 -1 358 358 358 358 358 358 358 358 -1 -1 358 358 -1 -1 358 358 -1 -1 -1 -1 -1 -1 -1 -1 -1 -1 -1 -1 -1 -1 -1 358 358 358 358 -1 -1 -1 -1 -1 -1 -1 -1 -1 -1 -1 -1 -1 -1 -1 -1 -1 -1 -1 -1 -1 -1 -1 -1 -1 -1 -1 -1 -1 -1 -1 -1 -1 -1 358 358 358 358 358 358 358 358 358 358 358 358 358 358 358
358 358 358 358 358 358 358 358 358 358 358 358 358 358 358 -1 -1 358 -1 -1 -1 -1 -1 -1 -1 -1 -1 -1 -1 358 358 -1 -1 -1 -1 -1 358 -1 -1 358 358 358 358 -1 -1 -1 -1 -1 -1 -1 358 -1 -1 -1 -1 358 -1 -1 -1 -1 -1 -1 -1 -1 -1 -1 -1 -1 -1 -1 -1 358 358 358 -1 -1 -1 -1 -1 -1 -1 -1 -1 -1 -1 -1 -1 -1 -1 -1 -1 -1 -1 -1 -1 -1 -1 -1 -1 -1 -1 -1 -1 -1 -1 -1 -1 -1 -1 358 358 358 358 358 358 358 358 358 358 358 358 358 358 358
358 358 358 358 358 358 358 358 358 358 358 358 358 358 358 -1 -1 358 -1 -1 -1 -1 -1 -1 -1 -1 -1 -1 -1 -1 358 -1 -1 -1 -1 -1 358 358 -1 358 358 358 358 -1 -1 -1 -1 -1 -1 -1 358 -1 -1 358 358 358 -1 -1 -1 -1 -1 -1 -1 -1 -1 -1 -1 -1 -1 -1 -1 358 358 358 -1 -1 -1 -1 -1 -1 -1 -1 -1 -1 -1 -1 -1 -1 -1 -1 -1 -1 -1 -1 -1 -1 -1 -1 -1 -1 -1 -1 -1 -1 -1 -1 -1 -1 -1 -1 358 358 358 358 358 358 358 358 358 358 358 358 358 358
358 358 358 358 358 358 358 358 358 358 358 358 358 358 358 -1 -1 358 -1 358 -1 -1 -1 358 -1 -1 -1 -1 -1 -1 358 -1 -1 -1 -1 -1 358 358 358 358 358 -1 -1 -1 -1 -1 -1 -1 -1 -1 358 -1 -1 -1 358 358 -1 -1 -1 -1 -1 -1 -1 -1 -1 -1 -1 -1 -1 -1 358 358 358 358 -1 -1 -1 -1 -1 -1 -1 -1 -1 -1 -1 -1 -1 -1 -1 -1 -1 -1 -1 -1 -1 -1 -1 -1 -1 -1 -1 -1 -1 -1 -1 -1 -1 -1 -1 358 358 358 358 358 358 358 358 358 358 358 358 358 358 358
358 358 358 358 358 358 358 358 358 358 358 358 358 358 358 -1 -1 358 358 358 358 358 358 358 358 358 -1 -1 358 358 358 -1 -1 -1 -1 -1 -1 -1 -1 -1 -1 -1 -1 -1 -1 -1 358 358 -1 -1 358 358 358 358 358 358 -1 -1 -1 -1 -1 -1 -1 -1 -1 -1 -1 -1 -1 -1 358 358 358 358 -1 -1 -1 -1 -1 -1 -1 -1 -1 -1 -1 -1 -1 -1 -1 -1 -1 -1 -1 -1 -1 -1 -1 -1 -1 -1 -1 -1 -1 -1 -1 -1 -1 -1 -1 358 358 358 358 358 358 358 358 358 358 358 358 358 358 358
358 358 358 358 358 358 358 358 358 358 358 358 358 358 358 -1 -1 -1 -1 -1 -1 -1 -1 -1 -1 -1 -1 -1 -1 -1 -1 -1 -1 -1 -1 -1 -1 -1 -1 -1 -1 -1 -1 -1 -1 -1 358 358 -1 -1 -1 -1 -1 -1 -1 -1 -1 -1 -1 -1 -1 358 358 358 358 358 358 -1 -1 -1 358 358 358 358 -1 -1 -1 -1 -1 -1 -1 -1 -1 -1 -1 -1 -1 -1 -1 -1 -1 -1 -1 -1 -1 -1 -1 -1 -1 -1 -1 -1 -1 -1 -1 -1 -1 -1 -1 358 358 358 358 358 358 358 358 358 358 358 358 358 358 358
358 358 358 358 358 358 358 358 358 358 358 358 358 358 -1 -1 -1 -1 -1 -1 -1 -1 -1 -1 -1 -1 -1 -1 -1 -1 -1 -1 -1 -1 -1 -1 -1 -1 -1 -1 -1 -1 -1 -1 -1 -1 -1 -1 -1 -1 -1 -1 -1 -1 -1 -1 -1 -1 -1 -1 -1 358 358 358 358 358 358 -1 -1 -1 358 358 358 358 -1 -1 -1 -1 -1 -1 -1 -1 -1 -1 -1 -1 -1 -1 -1 -1 -1 -1 -1 -1 -1 -1 -1 -1 -1 -1 -1 -1 -1 -1 -1 -1 -1 -1 -1 -1 -1 358 358 358 358 358 358 358 358 358 358 358 358 358
358 358 358 358 358 358 358 358 358 358 358 358 358 358 -1 -1 -1 -1 -1 -1 -1 -1 -1 -1 -1 -1 -1 -1 -1 -1 -1 -1 -1 -1 -1 -1 -1 -1 -1 -1 -1 -1 -1 -1 -1 -1 -1 -1 -1 -1 -1 -1 -1 -1 -1 -1 -1 -1 -1 -1 -1 358 358 358 358 358 358 -1 -1 -1 358 358 358 358 -1 -1 -1 -1 -1 -1 -1 -1 -1 -1 -1 -1 -1 -1 -1 -1 -1 -1 -1 -1 -1 -1 -1 -1 -1 -1 -1 -1 -1 -1 -1 -1 -1 -1 -1 -1 -1 358 358 358 358 358 358 358 358 358 358 358 358 358
358 358 358 358 358 358 358 358 358 358 358 358 358 358 -1 -1 -1 -1 -1 -1 -1 -1 -1 -1 -1 -1 -1 -1 -1 -1 -1 -1 -1 -1 -1 -1 -1 -1 -1 -1 -1 -1 -1 -1 -1 -1 358 358 358 358 358 -1 -1 -1 -1 -1 -1 -1 -1 -1 -1 358 358 358 358 358 358 -1 -1 -1 358 358 358 358 -1 -1 -1 -1 -1 -1 -1 -1 -1 -1 -1 -1 -1 -1 -1 -1 -1 -1 -1 -1 -1 -1 -1 -1 -1 -1 -1 -1 -1 -1 -1 -1 -1 -1 -1 -1 -1 358 358 358 358 358 358 358 358 358 358 358 358 358
358 358 358 358 358 358 358 358 358 358 358 358 358 358 -1 -1 -1 -1 -1 -1 -1 -1 -1 -1 -1 -1 -1 -1 -1 -1 -1 -1 -1 -1 -1 -1 -1 -1 -1 -1 -1 -1 -1 -1 -1 -1 358 358 358 358 358 -1 -1 -1 -1 -1 -1 -1 -1 -1 -1 358 358 358 358 358 358 -1 -1 358 358 358 358 358 358 -1 -1 -1 -1 -1 -1 -1 -1 -1 -1 -1 -1 -1 -1 -1 -1 -1 -1 -1 -1 -1 -1 -1 -1 -1 -1 -1 -1 -1 -1 -1 -1 -1 -1 -1 358 358 358 358 358 358 358 358 358 358 358 358 358 358
358 358 358 358 358 358 358 358 358 358 358 358 358 358 -1 -1 -1 -1 -1 -1 -1 -1 -1 -1 -1 -1 -1 358 358 358 358 358 358 358 358 -1 -1 -1 -1 -1 -1 -1 -1 -1 -1 -1 358 358 -1 358 358 -1 -1 -1 -1 -1 -1 -1 -1 -1 -1 -1 -1 -1 -1 -1 -1 -1 -1 -1 -1 -1 -1 -1 -1 -1 -1 -1 -1 -1 -1 -1 -1 -1 -1 -1 358 -1 -1 -1 -1 -1 -1 -1 -1 -1 -1 -1 -1 -1 -1 -1 -1 -1 -1 -1 -1 -1 -1 358 358 358 358 358 358 358 358 358 358 358 358 358 358 358
358 358 358 358 358 358 358 358 358 358 358 358 358 358 -1 -1 -1 -1 -1 -1 -1 -1 -1 -1 -1 -1 -1 358 -1 -1 -1 -1 -1 -1 358 -1 -1 -1 -1 -1 358 358 358 358 358 358 358 358 -1 358 358 358 358 358 -1 -1 -1 -1 -1 -1 -1 -1 -1 -1 -1 -1 -1 -1 -1 -1 -1 -1 -1 -1 -1 -1 -1 -1 -1 -1 -1 -1 -1 -1 -1 -1 358 -1 -1 -1 -1 -1 -1 -1 -1 -1 -1 -1 -1 -1 -1 -1 -1 -1 -1 -1 -1 -1 -1 358 358 358 358 358 358 358 358 358 358 358 358 358 358 358
358 358 358 358 358 358 358 358 358 358 358 358 358 358 -1 -1 -1 -1 -1 -1 -1 -1 -1 -1 -1 -1 -1 358 358 -1 -1 358 -1 358 358 -1 -1 -1 -1 -1 358 -1 -1 -1 -1 -1 -1 -1 -1 358 -1 -1 -1 358 -1 -1 -1 -1 -1 -1 -1 -1 -1 -1 -1 -1 -1 -1 -1 -1 -1 -1 -1 -1 -1 -1 -1 -1 -1 -1 -1 -1 -1 -1 -1 358 358 -1 -1 -1 -1 -1 -1 -1 -1 -1 -1 -1 -1 -1 -1 -1 -1 -1 -1 -1 -1 -1 -1 -1 358 358 358 358 358 358 358 358 358 358 358 358 358 358
358 358 358 358 358 358 358 358 358 358 358 358 358 358 -1 -1 -1 -1 -1 -1 -1 -1 -1 -1 -1 -1 -1 358 -1 -1 -1 -1 -1 -1 358 -1 -1 -1 -1 -1 358 -1 -1 -1 -1 -1 -1 -1 -1 -1 -1 -1 -1 358 -1 -1 -1 -1 -1 -1 -1 -1 -1 -1 -1 -1 -1 -1 -1 358 358 358 358 358 358 -1 -1 -1 -1 -1 -1 -1 -1 -1 -1 358 358 -1 -1 -1 -1 -1 -1 -1 -1 -1 -1 -1 -1 -1 -1 -1 -1 -1 -1 -1 -1 -1 -1 -1 358 358 358 358 358 358 358 358 358 358 358 358 358 358
358 358 358 358 358 358 358 358 358 358 358 358 358 358 -1 -1 -1 -1 -1 -1 -1 -1 -1 -1 -1 -1 -1 358 358 358 -1 -1 358 358 358 -1 -1 -1 -1 -1 358 358 358 358 358 358 -1 -1 -1 358 -1 -1 -1 358 -1 -1 -1 -1 -1 -1 -1 -1 -1 -1 -1 -1 -1 -1 -1 -1 358 358 358 358 -1 -1 -1 358 358 358 358 358 358 358 358 358 358 358 358 358 358 358 358 358 358 358 358 358 358 358 358 358 358 -1 -1 -1 -1 -1 -1 -1 358 358 358 358 358 358 358 358 358 358 358 358 358 358
358 358 358 358 358 358 358 358 358 358 358 358 358 358 -1 -1 -1 -1 -1 -1 -1 -1 -1 -1 -1 -1 -1 -1 -1 -1 -1 -1 -1 -1 -1 -1 -1 -1 -1 -1 358 -1 -1 358 -1 358 -1 -1 -1 358 -1 358 358 358 -1 -1 -1 -1 -1 -1 -1 -1 -1 -1 -1 -1 -1 -1 -1 -1 358 358 358 358 -1 -1 -1 358 -1 -1 -1 -1 -1 -1 -1 -1 -1 -1 -1 -1 -1 -1 -1 -1 -1 -1 -1 -1 -1 -1 -1 -1 358 -1 -1 -1 -1 -1 -1 -1 358 358 358 358 358 358 358 358 358 358 358 358 358 358
358 358 358 358 358 358 358 358 358 358 358 358 358 358 -1 -1 -1 -1 -1 -1 -1 -1 -1 -1 -1 -1 -1 -1 -1 -1 -1 -1 -1 -1 -1 -1 -1 -1 -1 -1 358 -1 -1 -1 -1 358 -1 -1 -1 358 -1 358 358 358 -1 -1 -1 -1 -1 -1 -1 -1 -1 -1 -1 -1 -1 -1 -1 -1 358 358 358 358 -1 -1 -1 358 -1 358 358 358 358 358 358 358 -1 -1 -1 -1 -1 -1 -1 -1 358 358 358 358 358 358 358 -1 358 -1 -1 -1 -1 -1 -1 -1 -1 358 358 358 358 358 358 358 358 358 358 358 358 358
358 358 358 358 358 358 358 358 358 358 358 358 358 358 -1 -1 -1 -1 -1 -1 -1 -1 -1 -1 -1 -1 -1 -1 -1 -1 -1 -1 -1 -1 -1 -1 358 358 -1 -1 358 358 358 358 358 358 -1 -1 358 358 358 358 358 358 -1 -1 -1 -1 -1 -1 -1 -1 -1 -1 -1 -1 -1 -1 -1 -1 358 358 358 358 -1 -1 -1 358 -1 358 358 358 358 358 358 358 -1 -1 -1 -1 -1 -1 -1 -1 358 358 358 358 358 358 358 -1 358 -1 -1 -1 -1 -1 -1 -1 -1 358 358 358 358 358 358 358 358 358 358 358 358 358
358 358 358 358 358 358 358 358 358 358 358 358 358 358 -1 -1 -1 -1 -1 -1 -1 -1 -1 -1 -1 -1 -1 -1 -1 -1 -1 -1 -1 -1 -1 -1 358 358 -1 -1 -1 -1 -1 -1 -1 -1 -1 -1 -1 -1 -1 -1 -1 -1 -1 -1 -1 -1 -1 -1 -1 -1 -1 -1 -1 -1 -1 -1 -1 -1 358 358 358 358 -1 -1 -1 358 -1 358 358 358 358 358 358 358 -1 -1 -1 -1 -1 -1 -1 -1 358 358 358 358 358 358 358 -1 358 -1 -1 -1 -1 -1 -1 -1 -1 358 358 358 358 358 358 358 358 358 358 358 358 358
358 358 358 358 358 358 358 358 358 358 358 358 358 358 -1 -1 -1 -1 -1 -1 -1 -1 -1 -1 -1 -1 -1 -1 -1 -1 -1 -1 -1 -1 -1 -1 -1 -1 -1 -1 -1 -1 -1 -1 -1 -1 -1 -1 -1 -1 -1 -1 -1 -1 -1 -1 -1 -1 -1 -1 -1 -1 -1 -1 -1 -1 -1 -1 -1 358 358 358 358 358 -1 -1 -1 358 -1 -1 -1 -1 -1 -1 -1 -1 -1 -1 -1 -1 -1 -1 -1 -1 -1 -1 -1 -1 -1 -1 -1 -1 358 -1 -1 -1 -1 -1 358 358 358 358 358 358 358 358 358 358 358 358 358 358 358 358
358 358 358 358 358 358 358 358 358 358 358 358 358 358 -1 -1 -1 -1 -1 -1 -1 -1 -1 -1 -1 -1 -1 -1 -1 -1 -1 -1 -1 -1 -1 -1 -1 -1 -1 -1 -1 -1 -1 -1 -1 -1 -1 -1 -1 -1 -1 -1 -1 -1 -1 -1 -1 -1 -1 -1 -1 -1 -1 -1 -1 -1 -1 -1 -1 358 358 358 358 358 -1 -1 -1 358 -1 358 358 358 -1 -1 -1 -1 -1 -1 -1 -1 -1 -1 -1 -1 358 358 358 358 358 358 358 -1 358 -1 -1 -1 -1 -1 358 358 358 358 358 358 358 358 358 358 358 358 358 358 358 358
358 358 358 358 358 358 358 358 358 358 358 358 358 358 -1 -1 -1 -1 -1 -1 -1 -1 -1 -1 -1 -1 -1 -1 -1 -1 -1 -1 -1 -1 -1 -1 -1 -1 -1 -1 -1 -1 -1 -1 -1 -1 -1 -1 -1 -1 -1 -1 -1 -1 -1 -1 -1 -1 -1 -1 -1 -1 -1 -1 -1 -1 -1 -1 -1 358 358 358 358 358 -1 -1 -1 358 -1 358 358 358 -1 -1 -1 -1 -1 -1 -1 -1 -1 -1 -1 -1 358 358 358 358 358 358 358 -1 358 -1 -1 -1 -1 -1 -1 358 358 358 358 358 358 358 358 358 358 358 358 358 358 358
358 358 358 358 358 358 358 358 358 358 358 358 358 358 358 -1 -1 -1 -1 -1 -1 -1 -1 -1 -1 -1 -1 -1 -1 -1 -1 -1 -1 -1 -1 -1 -1 -1 -1 -1 -1 -1 -1 -1 -1 -1 -1 -1 -1 -1 -1 -1 -1 -1 -1 -1 -1 -1 -1 -1 -1 -1 -1 -1 -1 -1 -1 -1 -1 358 358 358 358 358 -1 -1 -1 358 -1 -1 -1 -1 -1 -1 -1 -1 -1 -1 -1 -1 -1 -1 -1 -1 358 358 358 358 358 358 358 -1 358 -1 -1 -1 -1 -1 -1 -1 358 358 358 358 358 358 358 358 358 358 358 358 358 358
358 358 358 358 358 358 358 358 358 358 358 358 358 358 358 -1 -1 -1 -1 -1 -1 -1 -1 -1 -1 -1 -1 -1 -1 -1 -1 -1 -1 -1 -1 -1 -1 -1 -1 -1 -1 -1 -1 -1 -1 -1 -1 -1 -1 -1 -1 -1 -1 -1 -1 -1 -1 -1 -1 -1 -1 -1 -1 -1 -1 -1 -1 -1 -1 358 358 358 358 -1 -1 -1 -1 358 -1 358 358 358 -1 -1 -1 -1 -1 -1 -1 -1 -1 -1 -1 -1 -1 -1 -1 -1 -1 -1 -1 -1 358 -1 -1 -1 -1 -1 -1 -1 -1 358 358 358 358 358 358 358 358 358 358 358 358 358
358 358 358 358 358 358 358 358 358 358 358 358 358 358 -1 -1 -1 -1 -1 -1 -1 -1 -1 -1 -1 -1 -1 -1 -1 -1 -1 -1 -1 -1 -1 -1 -1 -1 -1 -1 -1 -1 -1 -1 -1 -1 -1 -1 -1 -1 -1 -1 -1 -1 -1 -1 -1 -1 -1 -1 -1 -1 -1 -1 -1 -1 -1 -1 -1 358 358 358 358 -1 -1 -1 -1 358 -1 358 358 358 -1 -1 -1 -1 -1 -1 -1 -1 -1 -1 -1 -1 -1 -1 -1 -1 -1 -1 -1 -1 358 -1 -1 -1 -1 -1 -1 -1 358 358 358 358 358 358 358 358 358 358 358 358 358 358
358 358 358 358 358 358 358 358 358 358 358 358 358 358 -1 -1 -1 -1 -1 -1 -1 -1 -1 -1 -1 -1 -1 -1 -1 -1 -1 -1 -1 -1 -1 -1 -1 -1 -1 -1 -1 -1 -1 -1 -1 -1 -1 -1 -1 -1 -1 -1 -1 -1 -1 -1 -1 -1 -1 -1 -1 -1 -1 -1 -1 -1 -1 -1 -1 358 358 358 358 -1 -1 -1 -1 358 -1 358 358 358 -1 -1 -1 -1 -1 358 358 358 358 358 358 358 -1 358 358 358 358 358 358 358 358 -1 -1 -1 -1 -1 -1 -1 358 358 358 358 358 358 358 358 358 358 358 358 358 358
358 358 358 358 358 358 358 358 358 358 358 358 358 358 -1 -1 -1 -1 -1 -1 -1 -1 -1 -1 -1 -1 -1 -1 -1 -1 -1 -1 -1 -1 -1 -1 -1 -1 -1 -1 -1 -1 -1 -1 -1 -1 -1 -1 -1 -1 -1 -1 -1 -1 -1 -1 -1 -1 -1 -1 -1 -1 -1 -1 -1 -1 -1 -1 -1 358 358 358 358 -1 -1 -1 -1 358 -1 358 358 358 -1 -1 -1 -1 -1 358 358 358 358 358 358 358 -1 358 -1 -1 -1 -1 -1 -1 -1 -1 -1 -1 -1 -1 358 358 358 358 358 358 358 358 358 358 358 358 358 358 358 358
358 358 358 358 358 358 358 358 358 358 358 358 358 358 -1 -1 -1 -1 -1 -1 -1 -1 -1 -1 -1 -1 -1 -1 -1 -1 -1 -1 -1 -1 -1 -1 -1 -1 -1 -1 -1 -1 -1 -1 -1 -1 -1 -1 -1 -1 -1 -1 -1 -1 -1 -1 -1 -1 -1 -1 -1 -1 -1 -1 -1 -1 -1 -1 358 358 358 358 358 -1 -1 -1 -1 358 -1 358 358 358 -1 -1 -1 -1 -1 358 358 358 358 358 358 358 -1 358 -1 -1 -1 -1 -1 -1 -1 -1 358 358 358 358 358 358 358 358 358 358 358 358 358 358 358 358 358 358 358 358
358 358 358 358 358 358 358 358 358 358 358 358 358 358 -1 -1 -1 -1 -1 -1 -1 -1 -1 -1 -1 -1 -1 -1 -1 -1 -1 -1 -1 -1 -1 -1 -1 -1 -1 -1 -1 -1 -1 -1 -1 -1 -1 -1 -1 -1 -1 -1 -1 -1 -1 -1 -1 -1 -1 -1 -1 -1 -1 -1 -1 -1 -1 -1 358 358 358 358 358 -1 -1 -1 -1 358 -1 358 358 358 -1 -1 -1 -1 -1 -1 -1 -1 -1 -1 -1 -1 -1 358 -1 -1 -1 -1 -1 -1 -1 358 358 358 358 -1 -1 358 358 358 358 358 358 358 358 358 358 358 358 358 358 358
358 358 358 358 358 358 358 358 358 358 358 358 358 358 -1 -1 -1 -1 358 -1 -1 -1 -1 -1 -1 -1 -1 -1 -1 -1 -1 -1 -1 -1 -1 -1 -1 -1 -1 -1 -1 -1 -1 -1 -1 -1 -1 -1 -1 -1 -1 -1 -1 -1 -1 -1 -1 -1 -1 -1 -1 -1 -1 -1 -1 -1 -1 -1 358 358 358 358 358 -1 -1 -1 -1 358 -1 -1 -1 -1 -1 -1 -1 -1 -1 358 358 358 358 358 358 358 -1 358 -1 -1 -1 -1 -1 358 358 358 358 358 -1 -1 -1 -1 358 358 358 358 358 358 358 358 358 358 358 358 358 358
358 358 358 358 358 358 358 358 358 358 358 358 358 358 -1 -1 -1 358 358 358 -1 -1 -1 -1 -1 -1 -1 -1 -1 -1 -1 -1 -1 -1 -1 -1 -1 -1 -1 -1 -1 -1 -1 -1 -1 -1 -1 -1 -1 -1 -1 -1 -1 -1 -1 -1 -1 -1 -1 -1 -1 -1 -1 -1 -1 -1 -1 -1 -1 358 358 358 358 -1 -1 -1 -1 358 -1 -1 -1 -1 -1 -1 -1 -1 -1 358 358 358 358 358 358 358 -1 358 -1 -1 -1 -1 358 358 358 358 -1 -1 -1 -1 -1 -1 358 358 358 358 358 358 358 358 358 358 358 358 358 358
358 358 358 358 358 358 358 358 358 358 358 358 358 358 358 358 358 358 358 -1 -1 -1 -1 -1 -1 -1 -1 -1 -1 -1 -1 -1 -1 -1 -1 -1 -1 -1 -1 -1 -1 -1 -1 -1 -1 -1 -1 -1 -1 -1 -1 -1 -1 -1 -1 -1 -1 -1 -1 -1 -1 -1 -1 -1 -1 -1 -1 -1 358 358 358 358 358 -1 -1 -1 -1 358 -1 -1 -1 -1 -1 -1 -1 -1 -1 358 358 358 358 358 358 358 -1 358 -1 -1 -1 358 358 358 -1 -1 -1 -1 -1 -1 -1 -1 358 358 358 358 358 358 358 358 358 358 358 358 358 358
358 358 358 358 358 358 358 358 358 358 358 358 358 358 358 358 358 358 -1 -1 -1 -1 -1 -1 -1 -1 -1 -1 -1 -1 -1 -1 -1 -1 -1 -1 -1 -1 -1 -1 -1 -1 -1 -1 -1 -1 -1 -1 -1 -1 -1 -1 -1 -1 -1 -1 -1 -1 -1 -1 -1 -1 -1 -1 -1 -1 -1 -1 358 358 358 358 358 -1 -1 -1 -1 358 -1 -1 -1 -1 -1 -1 -1 -1 -1 -1 -1 -1 -1 -1 -1 -1 -1 358 -1 -1 -1 358 358 358 -1 -1 -1 -1 -1 -1 -1 -1 358 358 358 358 358 358 358 358 358 358 358 358 358 358
358 358 358 358 358 358 358 358 358 358 358 358 358 358 358 358 358 -1 -1 -1 -1 -1 -1 -1 -1 -1 -1 -1 -1 -1 -1 -1 -1 -1 -1 -1 -1 -1 -1 -1 -1 -1 -1 -1 -1 -1 -1 -1 -1 -1 -1 -1 -1 -1 -1 -1 -1 -1 -1 -1 -1 -1 -1 -1 -1 -1 -1 -1 -1 358 358 358 358 -1 -1 -1 -1 358 -1 -1 -1 -1 -1 -1 -1 -1 -1 -1 -1 -1 -1 -1 -1 -1 358 358 -1 -1 358 358 358 -1 -1 -1 -1 -1 -1 -1 -1 -1 -1 358 358 358 358 358 358 358 358 358 358 358 358 358
358 358 358 358 358 358 358 358 358 358 358 358 358 358 358 358 -1 -1 -1 -1 -1 -1 -1 -1 -1 -1 -1 -1 -1 -1 -1 -1 -1 -1 -1 -1 -1 -1 -1 -1 -1 -1 -1 -1 -1 -1 -1 -1 -1 -1 -1 -1 -1 -1 -1 -1 -1 -1 -1 -1 -1 -1 -1 -1 -1 -1 -1 -1 -1 358 358 358 358 -1 -1 -1 -1 358 -1 358 358 358 -1 -1 -1 -1 -1 -1 -1 -1 358 358 358 358 358 358 -1 -1 358 358 -1 -1 -1 -1 -1 -1 -1 -1 -1 -1 -1 358 358 358 358 358 358 358 358 358 358 358 358 358
358 358 358 358 358 358 358 358 358 358 358 358 358 358 358 -1 -1 -1 -1 -1 -1 -1 -1 -1 -1 -1 -1 -1 -1 -1 -1 -1 -1 -1 -1 -1 -1 -1 -1 -1 -1 -1 -1 -1 -1 -1 -1 -1 -1 -1 -1 -1 -1 -1 -1 -1 -1 -1 -1 -1 -1 -1 -1 -1 -1 -1 -1 -1 -1 358 358 358 358 -1 -1 -1 -1 358 -1 358 358 358 -1 -1 -1 -1 -1 -1 -1 358 358 -1 -1 -1 -1 -1 -1 358 358 358 -1 -1 -1 -1 -1 -1 -1 -1 -1 -1 -1 358 358 358 358 358 358 358 358 358 358 358 358 358
358 358 358 358 358 358 358 358 358 358 358 358 358 358 -1 -1 -1 -1 -1 -1 -1 -1 -1 -1 -1 -1 -1 -1 -1 -1 -1 -1 -1 -1 -1 -1 -1 -1 -1 -1 -1 -1 -1 -1 -1 -1 -1 -1 -1 -1 -1 -1 -1 -1 -1 -1 -1 -1 -1 -1 -1 -1 -1 -1 -1 -1 -1 -1 -1 358 358 358 358 -1 -1 -1 -1 358 -1 358 358 358 -1 -1 -1 -1 -1 -1 358 358 358 -1 -1 -1 -1 -1 358 358 358 -1 -1 -1 -1 -1 -1 -1 -1 -1 -1 -1 -1 358 358 358 358 358 358 358 358 358 358 358 358 358
358 358 358 358 358 358 358 358 358 358 358 358 358 358 -1 -1 -1 -1 -1 -1 -1 -1 -1 -1 -1 -1 -1 -1 -1 -1 -1 -1 -1 -1 -1 -1 -1 -1 -1 -1 -1 -1 -1 -1 -1 -1 -1 -1 -1 -1 -1 -1 -1 -1 -1 -1 -1 -1 -1 -1 -1 -1 -1 -1 -1 -1 -1 -1 -1 358 358 358 358 358 -1 -1 -1 358 -1 -1 -1 -1 -1 -1 -1 -1 -1 -1 -1 -1 358 -1 -1 -1 -1 -1 358 358 358 -1 -1 -1 -1 -1 -1 -1 -1 -1 -1 -1 -1 358 358 358 358 358 358 358 358 358 358 358 358 358
358 358 358 358 358 358 358 358 358 358 358 358 358 358 -1 -1 -1 -1 -1 -1 -1 -1 -1 -1 -1 -1 -1 -1 -1 -1 -1 -1 -1 -1 -1 -1 -1 -1 -1 -1 -1 -1 -1 -1 -1 -1 -1 -1 -1 -1 -1 -1 -1 -1 -1 -1 -1 -1 -1 -1 -1 -1 -1 -1 -1 -1 -1 -1 358 358 358 358 358 358 358 -1 -1 358 358 358 358 358 358 -1 -1 -1 358 358 358 358 358 -1 -1 -1 -1 358 358 358 -1 -1 -1 -1 -1 -1 -1 -1 -1 -1 -1 -1 -1 358 358 358 358 358 358 358 358 358 358 358 358 358
358 358 358 358 358 358 358 358 358 358 358 358 358 358 -1 -1 -1 -1 -1 -1 358 358 358 358 -1 -1 -1 -1 -1 -1 -1 -1 -1 -1 -1 -1 -1 -1 -1 -1 -1 -1 -1 -1 358 358 358 -1 -1 -1 -1 -1 -1 -1 -1 -1 358 358 -1 -1 -1 -1 -1 -1 -1 -1 -1 358 358 358 358 358 358 358 358 -1 -1 358 358 358 358 358 358 -1 -1 -1 358 358 358 358 358 -1 -1 -1 -1 358 358 358 -1 -1 -1 -1 -1 -1 -1 -1 -1 -1 -1 -1 358 358 358 358 358 358 358 358 358 358 358 358 358 358
358 358 358 358 358 358 358 358 358 358 358 358 358 358 358 -1 -1 -1 -1 358 358 358 358 358 358 -1 -1 -1 -1 -1 -1 -1 -1 -1 -1 -1 -1 -1 -1 -1 -1 -1 358 358 358 358 358 358 -1 -1 -1 -1 -1 -1 -1 -1 358 358 358 -1 -1 -1 -1 -1 -1 358 358 358 358 358 358 358 358 358 358 358 -1 358 358 358 358 358 358 -1 -1 -1 358 358 358 358 358 -1 -1 -1 358 358 358 358 358 -1 -1 -1 -1 -1 -1 -1 -1 358 -1 358 358 358 358 358 358 358 358 358 358 358 358 358 358 358
358 358 358 358 358 358 358 358 358 358 358 358 358 358 358 358 -1 358 358 358 358 358 358 358 -1 -1 -1 -1 -1 -1 -1 -1 -1 -1 -1 -1 358 358 358 358 -1 358 358 358 358 358 358 358 358 358 -1 -1 -1 -1 358 358 358 358 358 358 358 358 358 358 358 358 358 358 358 358 358 358 358 358 358 358 358 358 358 358 358 358 358 -1 -1 -1 358 358 358 358 358 358 358 358 358 358 358 358 358 -1 358 358 358 -1 -1 358 358 358 358 358 358 358 358 358 358 358 358 358 358 358 358 358 358 358
358 358 358 358 358 358 358 358 358 358 358 358 358 358 358 358 358 358 358 358 358 358 358 358 358 358 358 358 358 358 358 358 358 358 358 358 358 358 358 358 358 358 358 358 358 358 358 358 358 358 358 358 358 358 358 358 358 358 358 358 358 358 358 358 358 358 358 358 358 358 358 358 358 358 358 358 358 358 358 358 358 358 358 358 358 358 358 358 358 358 358 358 358 358 358 358 358 358 358 358 358 358 358 358 358 358 358 358 358 358 358 358 358 358 358 358 358 358 358 358 358 358 358 358
358 358 358 358 358 358 358 358 358 358 358 358 358 358 358 358 358 358 358 358 358 358 358 358 358 358 358 358 358 358 358 358 358 358 358 358 358 358 358 358 358 358 358 358 358 358 358 358 358 358 358 358 358 358 358 358 358 358 358 358 358 358 358 358 358 358 358 358 358 358 358 358 358 358 358 358 358 358 358 358 358 358 358 358 358 358 358 358 358 358 358 358 358 358 358 358 358 358 358 358 358 358 358 358 358 358 358 358 358 358 358 358 358 358 358 358 358 358 358 358 358 358 358 358
358 358 358 358 358 358 358 358 358 358 358 358 358 358 358 358 358 358 358 358 358 358 358 358 358 358 358 358 358 358 358 358 358 358 358 358 358 358 358 358 358 358 358 358 358 358 358 358 358 358 358 358 358 358 358 358 358 358 358 358 358 358 358 358 358 358 358 358 358 358 358 358 358 358 358 358 358 358 358 358 358 358 358 358 358 358 358 358 358 358 358 358 358 358 358 358 358 358 358 358 358 358 358 358 358 358 358 358 358 358 358 358 358 358 358 358 358 358 358 358 358 358 358 358
358 358 358 358 358 358 358 358 358 358 358 358 358 358 358 358 358 358 358 358 358 358 358 358 358 358 358 358 358 358 358 358 358 358 358 358 358 358 358 358 358 358 358 358 358 358 358 358 358 358 358 358 358 358 358 358 358 358 358 358 358 358 358 358 358 358 358 358 358 358 358 358 358 358 358 358 358 358 358 358 358 358 358 358 358 358 358 358 358 358 358 358 358 358 358 358 358 358 358 358 358 358 358 358 358 358 358 358 358 358 358 358 358 358 358 358 358 358 358 358 358 358 358 358
358 358 358 358 358 358 358 358 358 358 358 358 358 358 358 358 358 358 358 358 358 358 358 358 358 358 358 358 358 358 358 358 358 358 358 358 358 358 358 358 358 358 358 358 358 358 358 358 358 358 358 358 358 358 358 358 358 358 358 358 358 358 358 358 358 358 358 358 358 358 358 358 358 358 358 358 358 358 358 358 358 358 358 358 358 358 358 358 358 358 358 358 358 358 358 358 358 358 358 358 358 358 358 358 358 358 358 358 358 358 358 358 358 358 358 358 358 358 358 358 358 358 358 358
358 358 358 358 358 358 358 358 358 358 358 358 358 358 358 358 358 358 358 358 358 358 358 358 358 358 358 358 358 358 358 358 358 358 358 358 358 358 358 358 358 358 358 358 358 358 358 358 358 358 358 358 358 358 358 358 358 358 358 358 358 358 358 358 358 358 358 358 358 358 358 358 358 358 358 358 358 358 358 358 358 358 358 358 358 358 358 358 358 358 358 358 358 358 358 358 358 358 358 358 358 358 358 358 358 358 358 358 358 358 358 358 358 358 358 358 358 358 358 358 358 358 358 358
358 358 358 358 358 358 358 358 358 358 358 358 358 358 358 358 358 358 358 358 358 358 358 358 358 358 358 358 358 358 358 358 358 358 358 358 358 358 358 358 358 358 358 358 358 358 358 358 358 358 358 358 358 358 358 358 358 358 358 358 358 358 358 358 358 358 358 358 358 358 358 358 358 358 358 358 358 358 358 358 358 358 358 358 358 358 358 358 358 358 358 358 358 358 358 358 358 358 358 358 358 358 358 358 358 358 358 358 358 358 358 358 358 358 358 358 358 358 358 358 358 358 358 358
358 358 358 358 358 358 358 358 358 358 358 358 358 358 358 358 358 358 358 358 358 358 358 358 358 358 358 358 358 358 358 358 358 358 358 358 358 358 358 358 358 358 358 358 358 358 358 358 358 358 358 358 358 358 358 358 358 358 358 358 358 358 358 358 358 358 358 358 358 358 358 358 358 358 358 358 358 358 358 358 358 358 358 358 358 358 358 358 358 358 358 358 358 358 358 358 358 358 358 358 358 358 358 358 358 358 358 358 358 358 358 358 358 358 358 358 358 358 358 358 358 358 358 358
358 358 358 358 358 358 358 358 358 358 358 358 358 358 358 358 358 358 358 358 358 358 358 358 358 358 358 358 358 358 358 358 358 358 358 358 358 358 358 358 358 358 358 358 358 358 358 358 358 358 358 358 358 358 358 358 358 358 358 358 358 358 358 358 358 358 358 358 358 358 358 358 358 358 358 358 358 358 358 358 358 358 358 358 358 358 358 358 358 358 358 358 358 358 358 358 358 358 358 358 358 358 358 358 358 358 358 358 358 358 358 358 358 358 358 358 358 358 358 358 358 358 358 358
358 358 358 358 358 358 358 358 358 358 358 358 358 358 358 358 358 358 358 358 358 358 358 358 358 358 358 358 358 358 358 358 358 358 358 358 358 358 358 358 358 358 358 358 358 358 358 358 358 358 358 358 358 358 358 358 358 358 358 358 358 358 358 358 358 358 358 358 358 358 358 358 358 358 358 358 358 358 358 358 358 358 358 358 358 358 358 358 358 358 358 358 358 358 358 358 358 358 358 358 358 358 358 358 358 358 358 358 358 358 358 358 358 358 358 358 358 358 358 358 358 358 358 358
358 358 358 358 358 358 358 358 358 358 358 358 358 358 358 358 358 358 358 358 358 358 358 358 358 358 358 358 358 358 358 358 358 358 358 358 358 358 358 358 358 358 358 358 358 358 358 358 358 358 358 358 358 358 358 358 358 358 358 358 358 358 358 358 358 358 358 358 358 358 358 358 358 358 358 358 358 358 358 358 358 358 358 358 358 358 358 358 358 358 358 358 358 358 358 358 358 358 358 358 358 358 358 358 358 358 358 358 358 358 358 358 358 358 358 358 358 358 358 358 358 358 358 358
358 358 358 358 358 358 358 358 358 358 358 358 358 358 358 358 358 358 358 358 358 358 358 358 358 358 358 358 358 358 358 358 358 358 358 358 358 358 358 358 358 358 358 358 358 358 358 358 358 358 358 358 358 358 358 358 358 358 358 358 358 358 358 358 358 358 358 358 358 358 358 358 358 358 358 358 358 358 358 358 358 358 358 358 358 358 358 358 358 358 358 358 358 358 358 358 358 358 358 358 358 358 358 358 358 358 358 358 358 358 358 358 358 358 358 358 358 358 358 358 358 358 358 358
358 358 358 358 358 358 358 358 358 358 358 358 358 358 358 358 358 358 358 358 358 358 358 358 358 358 358 358 358 358 358 358 358 358 358 358 358 358 358 358 358 358 358 358 358 358 358 358 358 358 358 358 358 358 358 358 358 358 358 358 358 358 358 358 358 358 358 358 358 358 358 358 358 358 358 358 358 358 358 358 358 358 358 358 358 358 358 358 358 358 358 358 358 358 358 358 358 358 358 358 358 358 358 358 358 358 358 358 358 358 358 358 358 358 358 358 358 358 358 358 358 358 358 358
358 358 358 358 358 358 358 358 358 358 358 358 358 358 358 358 358 358 358 358 358 358 358 358 358 358 358 358 358 358 358 358 358 358 358 358 358 358 358 358 358 358 358 358 358 358 358 358 358 358 358 358 358 358 358 358 358 358 358 358 358 358 358 358 358 358 358 358 358 358 358 358 358 358 358 358 358 358 358 358 358 358 358 358 358 358 358 358 358 358 358 358 358 358 358 358 358 358 358 358 358 358 358 358 358 358 358 358 358 358 358 358 358 358 358 358 358 358 358 358 358 358 358 358
